5000
4999652
4998871
4997913
4997464
4997037
4993553
4993122
4993031
4992913
4992696
4992238
4989551
4988834
4988086
4987487
4986817
4985708
4983259
4981449
4980855
4980705
4979194
4978305
4977402
4975606
4974270
4974226
4973182
4971770
4969496
4968581
4967447
4966607
4965331
4965136
4964810
4964739
4962949
4962416
4962173
4960248
4959695
4959607
4958774
4957973
4957492
4956039
4952519
4950320
4948689
4948096
4946785
4946716
4945806
4945732
4944729
4944066
4942527
4942320
4941691
4940962
4939960
4938698
4935435
4933999
4933887
4931853
4931571
4930942
4928745
4927669
4926146
4925912
4925239
4923254
4922699
4919715
4916958
4916609
4914857
4913864
4912006
4911895
4910689
4910181
4909090
4906386
4905062
4903867
4903133
4901402
4901220
4901057
4897584
4897547
4897347
4896938
4895747
4895083
4894808
4894626
4894569
4894165
4893862
4893830
4893441
4893053
4892778
4891648
4891336
4890978
4890167
4889847
4888297
4885508
4885058
4884569
4883648
4883369
4883292
4881898
4881051
4879202
4878352
4878213
4878122
4875866
4875181
4875037
4874887
4874398
4873086
4872890
4872459
4870985
4869516
4867240
4866628
4865471
4865230
4865158
4864927
4864389
4863160
4862550
4862268
4861643
4860561
4860451
4859091
4858563
4856761
4856459
4855016
4854799
4854630
4853971
4853665
4853455
4851766
4851065
4850080
4849103
4848773
4848726
4848435
4846901
4846760
4846056
4844510
4843272
4842540
4841335
4838611
4837158
4837141
4837062
4836784
4835786
4835642
4835394
4834554
4833069
4832980
4832950
4832351
4830529
4830459
4829163
4828092
4827771
4823856
4822665
4821273
4821035
4820121
4819888
4818459
4818266
4817599
4814899
4814295
4812882
4812623
4811950
4811080
4808574
4807614
4806630
4804455
4804026
4803648
4803520
4803121
4801357
4801247
4800816
4800505
4800309
4800232
4799502
4798562
4797752
4796182
4795927
4794708
4792831
4790950
4788394
4785450
4784439
4783712
4782167
4781606
4780766
4780533
4780474
4780339
4778874
4778744
4777769
4776761
4776394
4773916
4773644
4773191
4772937
4772800
4771844
4769193
4765909
4765751
4765723
4764833
4763675
4762900
4762128
4761656
4758561
4756464
4756372
4756006
4755596
4748866
4748457
4748385
4748142
4747917
4745341
4743657
4742241
4739494
4737044
4736202
4735643
4735136
4733803
4729459
4728449
4725217
4723501
4721570
4720816
4719470
4718101
4716949
4714748
4713143
4712787
4710472
4707430
4706428
4705254
4704708
4704578
4704094
4703832
4703707
4701372
4701290
4700350
4698334
4697671
4693645
4691825
4691088
4688238
4688005
4687379
4687313
4684470
4683201
4679896
4679807
4674441
4674247
4673328
4673150
4673000
4672351
4671783
4671664
4670990
4670426
4668647
4668224
4668158
4667936
4667692
4666660
4665368
4664857
4664732
4664429
4662823
4661612
4661486
4658759
4657291
4656487
4656460
4655940
4655197
4654821
4652460
4651717
4650718
4650265
4647864
4646345
4642853
4641482
4639086
4638969
4638270
4636056
4635322
4634948
4630112
4629471
4628820
4628669
4628407
4628033
4626937
4626708
4625889
4625029
4621758
4621547
4620789
4620084
4619476
4619137
4618344
4617025
4616558
4613170
4612458
4610211
4608767
4608248
4608066
4607490
4607476
4606853
4604012
4601969
4601775
4601510
4600901
4600310
4598260
4598012
4597383
4597012
4596810
4595382
4594879
4593586
4593444
4593395
4592853
4592436
4590868
4590214
4590089
4589977
4588361
4587084
4586969
4586596
4586112
4585711
4585657
4585644
4585174
4584959
4583327
4581002
4581000
4580316
4579137
4578809
4578565
4577834
4577454
4576624
4575816
4574479
4573428
4573258
4573067
4572274
4571539
4570269
4569611
4569014
4568537
4568180
4566756
4566665
4566362
4565744
4561200
4561183
4560143
4558469
4557890
4557819
4555427
4554206
4552786
4551551
4549567
4549139
4549106
4549079
4548024
4544903
4544618
4543638
4540362
4539137
4537197
4536693
4535535
4535036
4533831
4533668
4533160
4531589
4531029
4530253
4529820
4529608
4526871
4526182
4526045
4525347
4524421
4522690
4522520
4521363
4519335
4516602
4516192
4515855
4514882
4514561
4514036
4513603
4511244
4511197
4510214
4509388
4509164
4507812
4507564
4506206
4504796
4504057
4502506
4502261
4500378
4499839
4499619
4499242
4498873
4498757
4498364
4496679
4496375
4495917
4491850
4491379
4490415
4488323
4487663
4486173
4485685
4485398
4484534
4483964
4483195
4482562
4482123
4481081
4480640
4480334
4478819
4478155
4477213
4472461
4470638
4469990
4468370
4467961
4467341
4467034
4466614
4466186
4466141
4466114
4464463
4463391
4462692
4461873
4461375
4460927
4458734
4456942
4456197
4455583
4454578
4453456
4453021
4452818
4451762
4451348
4450664
4449527
4448425
4447469
4446950
4446003
4442606
4442445
4440004
4438455
4437318
4435595
4434547
4431455
4431196
4427498
4426588
4426452
4425136
4424856
4422349
4413393
4412512
4411912
4409783
4408716
4408498
4408288
4406126
4405172
4403748
4403610
4403028
4402892
4401580
4401512
4401387
4396362
4395907
4395624
4395013
4391255
4390930
4390637
4390608
4390571
4390154
4389984
4389918
4388904
4386969
4386686
4384740
4383541
4383308
4382446
4381540
4380678
4380254
4378351
4376980
4376370
4376098
4374103
4373672
4372535
4372522
4372430
4372386
4372114
4371883
4370365
4368701
4368590
4368188
4368129
4367040
4366644
4366248
4365881
4365368
4365082
4364112
4363154
4362972
4362150
4359530
4358514
4357398
4357386
4356895
4356703
4356342
4356106
4355854
4355548
4354478
4354032
4353726
4351415
4351200
4350853
4350421
4349424
4349417
4349024
4348370
4347754
4347233
4346583
4345981
4345862
4345812
4344861
4342243
4341755
4341586
4339615
4339325
4337507
4336898
4336855
4336002
4335940
4334978
4334174
4334021
4333571
4330793
4330300
4330264
4329683
4329579
4328051
4326857
4325220
4324046
4323037
4320758
4316911
4316701
4314955
4314625
4314033
4313321
4311634
4311081
4310095
4309033
4308939
4308779
4308089
4307673
4307343
4306635
4303657
4303421
4302842
4300983
4300345
4298486
4298106
4297966
4297265
4296241
4292227
4291872
4291036
4289914
4288730
4287069
4286595
4284833
4284774
4284531
4279512
4279449
4278628
4274750
4273044
4270315
4269712
4269300
4265400
4265067
4265016
4264948
4261885
4260482
4257311
4257212
4257030
4256818
4256360
4255949
4255590
4254161
4253401
4251000
4250375
4250356
4249780
4249763
4249731
4249360
4248433
4248263
4244476
4244399
4243204
4239551
4239219
4239072
4237296
4235918
4235219
4235205
4235118
4234848
4233434
4232774
4231543
4230330
4230160
4229210
4228831
4227664
4226442
4226239
4224613
4223288
4223062
4222233
4221730
4219971
4219590
4218597
4218524
4217778
4217662
4216998
4216122
4215710
4214843
4214682
4214238
4214062
4212340
4212285
4208566
4207694
4207399
4205459
4204940
4204245
4203728
4202185
4201556
4201354
4201343
4199905
4198796
4198744
4197033
4196357
4196323
4195463
4195008
4193787
4193434
4193037
4191262
4191038
4190402
4189339
4189308
4188075
4187313
4185163
4182594
4182501
4180631
4177695
4177516
4176213
4175473
4175131
4175001
4173992
4173976
4171746
4171353
4170395
4167016
4166952
4166146
4164798
4164501
4162765
4161893
4160830
4160589
4160562
4160466
4160453
4159354
4158801
4158123
4157445
4157143
4155852
4150909
4148932
4148196
4148140
4146236
4145418
4145415
4144336
4143138
4142966
4142625
4140672
4140525
4140427
4140020
4139367
4139352
4139043
4137362
4136672
4136600
4134474
4134086
4130906
4129273
4128345
4125923
4123393
4121911
4121638
4118615
4118317
4116901
4116831
4116756
4115114
4111862
4111556
4111176
4110983
4110217
4109897
4109603
4109127
4108048
4107803
4107628
4107209
4107114
4106845
4106742
4105063
4104723
4104588
4102291
4101256
4101186
4100559
4099445
4098369
4097340
4097023
4095576
4095482
4095336
4094615
4094578
4094262
4090726
4090149
4090127
4089950
4087790
4086468
4085406
4084008
4083556
4082998
4082881
4082388
4082080
4081427
4080570
4080113
4077534
4077327
4077124
4076942
4076865
4076821
4075780
4075772
4074753
4074249
4071493
4070074
4069983
4069264
4069075
4069022
4066187
4066081
4064866
4064556
4063709
4062997
4061116
4059662
4059111
4058542
4057694
4056988
4056366
4056283
4055394
4054722
4053304
4051551
4048739
4048353
4047981
4047602
4047218
4046449
4045869
4044389
4043533
4043166
4039784
4037930
4036496
4034966
4034359
4033861
4033850
4033797
4033168
4031542
4028001
4027129
4026413
4025453
4023093
4022252
4020772
4018537
4018068
4016290
4016219
4014895
4014551
4013928
4009709
4009242
4008772
4007774
4000466
3999705
3997817
3996828
3996673
3996229
3995483
3993821
3993336
3992565
3990810
3984066
3982263
3981137
3980046
3977881
3977304
3976232
3976084
3975635
3974800
3973843
3973793
3973702
3973415
3973134
3972582
3971811
3971721
3971600
3971203
3970079
3968330
3965012
3963185
3960866
3959406
3959009
3957762
3957595
3954272
3953989
3953203
3953075
3952669
3952552
3950630
3949915
3949627
3948909
3948880
3947922
3947400
3945845
3944703
3943087
3942033
3941961
3940792
3940660
3939555
3939425
3938946
3938474
3937941
3935155
3934737
3934382
3932463
3931646
3931225
3928831
3926748
3926205
3925934
3924879
3924770
3922843
3922047
3921336
3919738
3918432
3918322
3918199
3917553
3914886
3913183
3910553
3910236
3908953
3908522
3907806
3906400
3904187
3903493
3903155
3901093
3900997
3900652
3900179
3898188
3897833
3897462
3894970
3894704
3892677
3891782
3890960
3890536
3890443
3889095
3887992
3886337
3885707
3884928
3883520
3883326
3882610
3881596
3881052
3880138
3879254
3879222
3879104
3877691
3877649
3877428
3876173
3875700
3875191
3873077
3872504
3872016
3868660
3866969
3866107
3864895
3863222
3862609
3862166
3861797
3861734
3861642
3860528
3859327
3857726
3853764
3853507
3852803
3852575
3851957
3851569
3851446
3848521
3847674
3846499
3846117
3844973
3841907
3841749
3840278
3840037
3839782
3839157
3835306
3835208
3833644
3833598
3832988
3831886
3831435
3830363
3827603
3826978
3826893
3824011
3821973
3820401
3817747
3815998
3814733
3814153
3813177
3811351
3810186
3809666
3809385
3808375
3806664
3805054
3804842
3802131
3800556
3800514
3799247
3799234
3796181
3796017
3795768
3793885
3792755
3790531
3790207
3788284
3786606
3786272
3782551
3781441
3779152
3778449
3776569
3774998
3773941
3773010
3771863
3770003
3769500
3768105
3767961
3767430
3762093
3761891
3761466
3759301
3759045
3756463
3756138
3754904
3753072
3752827
3752716
3752233
3752204
3752052
3751994
3751085
3750606
3750025
3747738
3742086
3741478
3740934
3740411
3738946
3738168
3737761
3737072
3735159
3733958
3730951
3727214
3726762
3726404
3725288
3724810
3722271
3721031
3719117
3718488
3717897
3717701
3717465
3716662
3715852
3715558
3715089
3712610
3710827
3709337
3707627
3704610
3701099
3700612
3699238
3697995
3697100
3696792
3695760
3695064
3694991
3693791
3693780
3692271
3690222
3690218
3689816
3689238
3688926
3688252
3688234
3688117
3687783
3687379
3686775
3684733
3684344
3680243
3679959
3679440
3679087
3677314
3677120
3673964
3671746
3671693
3671300
3669537
3668109
3667933
3666302
3665068
3664165
3664060
3662443
3662233
3662227
3661088
3660479
3658620
3655277
3654891
3654631
3654574
3653461
3649707
3649434
3647452
3644396
3643896
3643476
3643345
3642507
3641704
3641637
3641611
3641420
3641243
3638635
3637540
3636946
3633377
3632789
3632551
3632195
3631691
3631487
3630436
3629034
3628797
3628604
3627809
3626858
3626371
3625221
3623253
3622997
3620078
3618305
3617209
3615697
3615170
3613691
3613379
3612956
3612258
3611877
3609987
3608449
3605533
3603416
3602849
3600894
3597269
3596274
3596254
3596198
3595203
3594690
3594616
3594495
3593092
3592152
3591104
3590846
3590763
3589166
3588596
3588539
3587027
3586859
3586105
3586071
3584017
3583060
3580271
3577578
3573873
3573300
3571750
3571607
3571303
3568123
3567166
3567093
3567043
3564798
3564209
3563903
3561714
3560709
3560348
3559908
3559582
3559227
3557424
3556739
3556074
3556064
3554764
3552824
3552571
3549989
3546393
3545724
3542991
3541897
3541732
3541112
3540717
3540493
3539941
3539809
3537339
3536676
3536470
3536232
3535906
3534471
3534114
3528598
3528537
3528422
3525694
3525594
3525140
3519720
3517265
3515870
3515071
3514997
3514326
3514270
3512211
3511727
3509492
3507479
3506436
3505943
3501781
3500862
3499228
3499081
3498737
3497389
3497141
3496905
3496885
3496119
3495956
3495940
3495300
3492589
3492396
3492317
3491443
3490325
3487829
3486728
3486274
3485564
3485318
3484499
3483654
3483017
3482538
3482177
3481684
3481264
3480712
3478966
3477383
3476630
3476423
3475971
3475887
3472544
3470935
3465639
3464426
3463570
3463499
3462060
3460443
3460285
3458623
3458573
3457813
3454605
3453273
3453072
3452688
3451595
3447350
3447244
3444908
3444740
3443773
3443283
3442531
3440698
3440162
3438502
3438216
3435511
3434510
3434079
3432731
3431113
3430143
3429614
3428970
3428420
3427500
3427418
3426569
3423920
3422699
3422267
3421693
3420610
3419733
3419241
3418198
3418002
3417161
3417108
3416412
3416408
3416354
3416044
3414552
3414149
3413821
3413279
3410058
3409944
3409720
3409578
3407405
3406852
3406533
3405241
3403571
3403495
3402121
3400021
3399171
3398349
3398171
3397862
3397342
3396631
3393806
3391177
3391073
3390682
3390675
3390584
3385560
3383855
3382576
3382154
3381567
3380295
3380002
3377300
3376583
3375532
3372230
3370500
3370124
3369779
3368731
3367715
3367318
3365200
3363449
3361041
3358619
3355254
3354863
3354702
3354238
3353017
3353008
3351074
3347648
3347236
3347161
3347016
3345494
3345020
3344171
3343749
3343293
3342642
3341597
3340983
3340608
3340373
3339839
3339502
3337788
3335463
3335215
3335171
3334126
3333815
3333554
3331997
3331396
3329861
3329266
3327065
3324393
3324118
3322818
3321563
3320442
3319935
3317905
3315690
3315377
3314867
3313229
3312473
3311339
3311053
3310689
3310578
3309924
3308917
3308039
3305793
3304746
3303343
3303179
3302061
3300872
3300687
3300191
3300142
3298164
3296757
3295229
3295161
3294603
3293748
3292689
3291830
3291376
3291155
3290702
3288353
3288222
3288120
3288030
3286395
3285489
3284459
3282680
3281867
3281169
3280851
3279809
3279589
3278690
3277730
3276655
3275684
3274045
3271988
3269068
3268691
3268414
3268248
3268061
3268034
3265685
3263927
3263591
3262362
3262337
3261608
3261520
3257793
3257498
3255890
3252564
3251430
3251302
3249771
3243922
3239998
3239657
3239575
3238989
3237991
3236536
3236308
3236118
3233866
3232786
3228822
3226778
3226407
3226251
3224347
3224247
3223183
3222475
3221491
3221014
3220673
3220384
3219948
3219269
3218424
3218231
3218162
3216722
3216085
3214115
3213882
3212770
3212712
3211954
3211692
3207989
3207381
3206773
3206315
3205089
3203083
3201730
3200852
3200582
3197963
3196441
3195764
3195585
3194604
3194234
3193959
3193076
3192947
3191802
3191538
3190555
3189655
3189506
3189492
3186556
3184460
3184277
3183262
3182355
3182161
3180176
3175878
3174884
3174670
3174570
3173963
3172885
3171457
3170933
3170380
3170120
3169061
3168363
3167339
3167007
3166993
3166385
3165463
3162386
3160209
3158405
3157493
3156765
3156067
3154443
3153296
3152780
3151989
3150748
3149500
3148273
3147117
3146400
3145298
3144847
3142172
3140532
3139320
3137176
3136762
3136655
3136128
3135138
3133397
3133395
3132774
3131986
3131414
3131412
3129725
3127586
3125681
3123895
3123018
3121911
3121463
3121269
3120540
3120240
3119932
3119352
3118816
3116594
3114074
3113745
3113582
3112931
3112925
3112194
3112083
3111741
3110825
3110257
3109941
3108565
3104501
3103896
3101740
3101368
3100930
3100565
3100006
3099753
3097644
3096901
3096158
3094250
3094038
3094013
3092655
3092213
3091554
3090144
3089650
3089470
3087755
3085948
3085330
3085259
3085191
3085174
3083950
3080290
3079311
3079190
3077951
3077041
3076582
3076238
3075384
3074782
3074520
3074426
3071779
3070227
3069778
3068951
3067781
3067462
3067072
3063522
3059467
3059166
3058817
3057909
3054111
3053669
3053653
3053455
3050992
3050609
3048955
3048366
3044887
3043702
3042999
3042727
3042181
3041989
3039914
3038633
3038540
3038450
3036504
3034350
3034070
3033420
3033365
3031363
3030598
3029932
3029074
3028879
3027958
3027651
3024576
3022790
3021679
3021397
3021006
3019645
3017724
3016875
3016769
3013542
3013447
3012495
3012241
3011995
3007742
3007634
3006165
3005192
3004226
3002894
3001519
3000593
2999995
2999715
2999309
2996199
2994932
2994931
2993993
2992672
2992502
2991770
2991321
2988568
2988504
2987349
2986839
2985743
2985433
2984983
2983018
2982822
2979675
2978404
2977303
2973543
2970668
2968820
2968693
2968110
2967846
2966095
2964831
2964391
2963548
2963223
2962705
2962610
2962528
2962204
2959260
2958346
2958158
2955074
2954854
2954588
2953317
2953232
2952502
2951573
2951497
2950221
2949573
2949111
2948427
2947627
2946465
2943966
2943250
2940362
2938807
2938741
2936779
2935225
2935134
2934772
2933677
2933400
2932203
2929966
2929295
2928544
2928293
2927653
2927617
2927255
2925441
2924919
2923455
2922922
2922250
2921297
2920569
2919070
2916875
2911895
2911460
2911313
2910919
2910212
2909670
2909028
2908188
2908181
2907156
2907093
2906476
2905930
2904217
2904191
2903612
2901945
2900878
2900631
2895569
2891843
2891657
2889947
2888347
2887418
2886619
2885811
2885644
2884698
2882442
2881021
2880061
2879476
2878592
2877835
2875860
2874702
2873001
2870781
2869558
2868206
2867055
2865692
2863933
2863176
2862330
2857524
2855234
2855145
2854258
2852910
2850239
2849881
2849367
2848366
2847621
2846127
2844747
2843970
2841397
2840753
2840171
2837529
2837238
2835271
2835144
2833710
2832746
2832484
2829411
2827140
2825718
2824226
2823172
2823043
2820640
2820375
2819805
2819378
2818805
2818569
2818167
2811611
2809452
2809413
2809222
2808744
2807058
2804586
2800784
2799964
2799324
2794650
2793675
2793174
2792984
2792234
2789984
2789877
2788387
2786983
2785324
2785170
2784708
2784676
2783928
2781892
2781194
2781089
2779826
2779179
2777114
2776170
2775503
2775458
2775393
2774826
2773476
2772499
2771695
2771229
2769072
2767719
2767296
2766306
2766232
2765899
2765417
2765402
2765335
2765110
2764671
2764558
2762520
2761072
2760356
2758408
2756186
2756178
2755773
2754518
2754323
2752393
2751262
2749025
2747559
2745418
2744796
2743771
2743653
2739480
2739065
2737673
2736117
2734889
2734513
2732750
2732374
2732363
2732322
2731404
2731220
2730308
2730284
2729714
2729074
2728496
2725619
2725312
2725027
2724164
2723654
2722066
2721562
2721311
2721054
2720304
2719995
2719408
2719192
2718510
2717672
2715691
2713626
2713545
2713541
2713355
2712977
2710598
2709539
2709462
2709216
2707677
2707015
2705348
2703820
2700882
2700687
2700201
2698133
2697487
2696748
2695909
2693163
2693145
2692972
2690854
2687537
2685034
2682424
2682227
2681694
2681158
2680053
2680010
2678538
2677737
2677542
2677472
2677375
2677276
2677248
2677079
2677066
2676842
2676582
2675846
2675499
2675149
2674832
2672160
2672101
2670457
2670016
2669976
2669799
2669414
2667292
2666428
2666072
2663258
2663113
2662868
2662741
2662580
2660103
2658380
2657465
2656471
2655754
2655725
2654606
2654329
2654027
2652087
2651814
2651221
2651035
2649157
2649089
2648873
2648648
2647467
2646988
2646712
2646689
2646130
2645428
2643993
2643884
2640750
2638341
2636316
2636009
2635759
2635639
2635074
2634083
2633485
2633257
2631789
2630635
2630353
2628857
2628614
2627873
2626792
2626697
2620026
2618184
2616181
2614696
2614520
2614335
2613608
2612501
2612431
2611912
2611554
2611530
2610811
2609776
2609756
2609496
2608693
2607163
2606119
2605665
2604758
2604453
2604413
2603762
2601327
2600356
2599664
2599272
2594564
2591813
2591665
2589749
2588451
2585747
2585196
2584594
2584553
2584116
2584024
2583905
2583556
2582519
2582262
2581666
2576603
2576014
2574909
2573990
2573715
2572530
2569912
2568945
2568334
2567665
2567538
2566425
2566377
2564938
2564895
2563599
2562971
2561889
2560573
2559681
2559405
2558569
2557822
2557685
2556541
2555766
2555302
2553826
2552010
2551870
2550837
2550798
2550783
2548919
2547892
2546564
2546290
2545498
2542474
2542211
2542122
2542062
2541708
2541544
2540943
2540762
2539544
2539458
2539193
2537650
2537424
2536539
2536294
2535527
2534953
2534839
2534523
2532416
2531681
2531633
2531582
2528579
2527756
2527433
2527319
2526613
2523312
2519954
2519901
2519170
2519150
2518979
2515789
2515751
2515708
2515433
2515230
2513549
2513299
2512052
2511518
2510630
2510365
2509615
2508784
2508430
2508236
2507987
2506426
2506150
2505848
2502774
2502691
2502163
2501139
2499347
2497449
2496139
2495619
2495454
2495192
2493312
2492375
2492130
2492120
2492102
2487683
2487420
2485424
2484939
2484848
2484768
2482805
2481271
2481253
2480578
2480458
2479333
2479126
2479056
2478993
2478783
2478656
2478323
2477843
2477799
2474813
2474812
2474537
2473669
2472936
2472072
2470965
2468402
2467798
2467227
2465992
2465525
2465333
2464232
2463178
2459843
2457746
2456447
2455304
2453570
2452173
2449498
2447982
2447499
2447020
2445759
2445269
2444658
2440181
2439950
2439453
2438802
2438608
2437990
2437336
2435795
2435599
2435235
2433683
2433053
2430207
2430052
2426960
2422810
2422747
2422328
2420176
2418101
2417139
2416988
2416376
2413501
2413090
2412741
2412491
2412463
2412366
2412272
2411947
2411439
2411424
2411090
2407301
2405515
2404821
2401812
2400487
2399991
2399956
2399592
2399005
2398944
2398260
2397750
2395520
2395310
2394622
2394298
2392374
2392271
2391585
2391220
2389604
2389309
2388945
2388828
2388589
2385073
2384451
2384306
2382883
2381897
2381732
2381633
2380492
2377472
2377330
2374670
2373568
2373561
2370165
2370064
2369947
2368684
2367964
2367901
2367666
2367297
2367083
2366934
2364863
2364029
2362286
2360165
2360039
2359829
2357618
2357149
2356107
2355524
2354012
2353550
2352570
2350733
2349919
2349063
2346524
2346188
2344572
2342226
2342163
2341561
2341497
2339192
2338884
2338360
2337123
2337026
2335889
2333255
2332776
2332575
2331754
2331030
2330818
2329414
2327546
2327270
2327099
2326990
2326502
2326336
2325249
2324760
2324091
2323913
2322943
2321945
2321859
2319617
2319549
2318571
2316729
2316557
2316426
2315291
2314660
2314206
2312079
2308188
2308139
2306234
2306087
2304163
2303883
2302478
2301969
2301857
2301381
2301262
2301082
2299880
2299767
2298511
2296209
2295872
2295123
2293423
2292876
2292864
2292390
2288719
2288591
2287869
2287156
2286985
2285526
2283624
2281176
2280961
2280695
2280669
2279076
2277151
2275705
2274818
2272725
2271848
2271507
2271449
2271214
2268796
2266927
2266923
2264690
2264542
2264053
2262524
2262482
2259512
2258222
2257442
2257354
2255090
2254611
2252239
2250777
2249966
2248906
2248510
2246422
2244114
2241956
2241899
2240668
2240141
2239277
2237046
2236911
2236772
2235321
2232992
2232934
2231504
2228452
2226347
2223786
2223100
2221782
2221128
2220958
2220503
2220011
2219791
2219289
2218467
2217004
2216885
2216147
2215826
2215442
2214826
2211426
2211155
2210706
2209993
2208587
2208059
2207865
2207860
2204038
2203142
2201328
2201281
2201265
2201020
2200401
2199922
2199794
2198830
2196557
2195538
2193635
2193613
2192352
2190626
2190208
2189778
2189470
2189106
2187389
2187023
2185966
2183599
2179640
2179212
2177746
2177507
2176471
2176249
2176043
2175416
2173869
2173525
2172752
2169580
2167235
2167149
2167015
2166166
2165070
2164087
2163783
2159216
2158160
2156781
2154813
2154793
2154628
2154390
2151642
2151271
2151261
2150886
2149975
2147034
2145647
2143310
2143144
2141857
2141670
2141352
2139036
2137486
2135007
2133640
2132412
2130327
2125953
2123676
2122760
2122084
2120703
2118736
2115261
2114765
2114345
2114196
2110889
2110806
2106691
2106109
2104931
2104259
2103761
2099920
2099762
2099737
2099427
2097296
2095267
2095115
2094505
2094413
2094058
2093909
2092962
2092724
2092490
2086468
2084994
2084096
2082267
2081351
2080703
2080498
2079709
2078469
2077604
2077216
2075894
2074409
2074173
2072435
2072023
2071831
2069441
2066197
2065473
2065442
2063306
2063305
2063300
2061675
2061651
2061390
2060817
2060800
2060415
2059896
2059892
2058241
2057475
2056702
2056696
2056540
2052981
2052066
2051719
2050591
2050397
2050105
2049074
2048542
2044994
2044075
2042870
2042623
2042533
2042341
2041622
2040301
2040144
2040117
2037951
2037271
2037227
2037069
2036050
2033924
2030726
2025541
2025212
2024895
2024842
2023941
2023494
2023300
2022308
2021828
2020848
2019663
2019661
2018766
2018384
2018327
2018129
2017968
2017024
2016577
2015175
2014395
2012935
2011651
2011548
2009235
2008669
2008530
2007481
2006883
2006786
2005852
2005186
2005105
2002980
2001644
2000553
1999248
1997950
1997918
1997873
1997704
1996960
1996321
1994648
1991078
1989000
1986312
1986123
1984582
1981556
1981538
1981477
1979915
1978941
1977584
1977481
1976731
1975585
1974874
1973887
1973716
1972433
1972142
1971965
1971645
1971283
1969397
1968425
1968254
1967631
1967267
1965038
1964733
1963804
1963619
1963494
1960704
1960021
1959604
1958145
1957890
1957249
1956769
1955744
1955321
1954889
1954195
1952428
1951915
1951631
1951067
1950323
1950179
1949153
1948729
1947897
1947452
1947062
1946910
1945031
1944816
1943977
1942792
1941043
1938741
1936478
1935838
1935544
1935005
1934608
1932935
1932568
1931634
1931229
1931191
1931046
1930485
1930182
1930137
1928061
1927971
1923130
1921290
1919722
1918423
1917782
1917119
1916704
1916660
1916614
1915891
1915339
1914526
1913911
1913487
1913376
1912545
1911838
1911601
1909058
1908756
1908371
1908208
1908076
1907907
1906926
1906234
1905050
1902991
1899996
1899503
1899268
1895566
1894357
1893656
1893372
1892944
1892153
1890293
1890045
1888874
1887756
1887476
1885840
1885590
1885107
1881422
1880146
1879527
1878805
1878510
1877555
1877102
1876483
1875389
1875270
1873407
1872985
1871794
1871445
1870251
1869945
1868923
1868519
1868473
1868048
1867159
1866439
1866279
1865915
1863968
1863962
1862501
1861665
1861190
1859851
1858776
1858474
1858174
1857169
1856924
1853431
1853282
1853202
1852806
1852572
1852179
1847966
1845716
1844619
1842104
1842006
1841148
1840891
1840795
1840243
1839387
1839338
1837889
1836988
1835953
1835076
1833198
1833018
1832494
1831833
1831749
1831549
1831260
1829587
1829516
1829303
1829177
1829075
1828359
1827076
1824541
1824070
1822395
1822171
1817976
1817710
1816284
1815417
1814920
1814469
1813330
1812866
1811761
1810564
1805947
1805377
1803390
1803038
1802691
1802533
1801415
1799900
1799830
1798861
1794828
1793259
1790862
1789080
1787898
1787615
1786467
1786331
1785708
1785593
1782076
1781677
1781546
1777883
1776820
1776759
1776506
1774064
1773217
1773144
1771798
1771622
1770862
1769118
1768749
1766634
1766529
1764908
1763184
1762249
1761722
1761677
1760674
1760664
1760559
1759863
1759776
1757741
1757730
1754391
1752909
1752649
1750437
1747962
1746601
1746014
1743995
1743278
1743229
1742738
1740230
1738555
1738350
1738174
1738064
1736691
1736219
1734881
1734021
1732068
1731500
1727361
1727065
1726632
1725573
1725373
1725237
1724783
1723970
1723896
1722433
1720966
1718206
1717724
1716884
1715830
1715363
1715262
1715084
1714196
1713815
1713607
1713068
1712635
1710824
1709273
1708955
1706274
1705947
1705881
1705705
1705007
1704123
1700469
1700146
1699373
1699240
1698115
1697388
1697379
1697196
1696624
1696405
1695271
1694951
1694430
1693108
1691409
1690533
1690393
1689646
1688554
1685999
1683023
1681137
1680380
1680188
1678789
1674493
1674377
1674180
1672700
1669409
1667391
1666646
1666332
1665754
1664672
1661491
1660620
1659634
1658139
1657830
1657200
1657077
1657027
1656916
1656739
1654844
1654013
1652662
1652070
1651191
1648981
1648677
1647861
1646064
1644982
1644219
1643148
1642700
1640076
1639632
1638635
1637732
1636902
1636591
1636108
1635791
1635266
1634906
1634183
1633910
1631637
1630387
1630107
1629617
1627610
1625059
1624818
1622068
1617787
1617095
1616787
1616367
1615994
1614615
1614408
1612945
1612513
1608934
1608727
1607212
1607023
1601381
1601006
1600638
1600206
1599227
1598883
1598861
1598066
1597169
1596181
1594137
1591841
1591737
1589880
1588919
1588509
1588372
1588301
1587584
1587500
1585359
1584838
1584636
1584508
1583244
1582637
1581416
1580646
1578995
1578838
1578678
1577923
1575349
1575089
1574406
1568738
1568401
1568156
1565229
1562592
1562108
1561487
1560440
1559992
1559361
1557226
1554972
1552151
1550545
1550224
1550186
1550050
1549745
1548147
1546178
1544533
1543725
1543081
1543053
1541430
1539957
1538923
1538546
1537568
1537374
1534579
1529417
1529206
1528539
1528137
1527804
1527692
1525646
1520993
1518264
1517949
1515480
1513032
1511982
1511822
1510281
1510237
1509138
1509024
1506438
1505477
1502321
1501914
1501757
1499967
1492746
1492738
1492701
1492542
1492060
1491061
1491020
1489431
1488556
1487246
1487173
1486611
1486356
1484289
1483109
1480550
1479578
1478673
1478454
1474506
1474072
1472382
1467448
1466444
1465825
1462366
1460879
1455840
1454335
1453712
1453228
1452341
1450241
1450010
1449882
1449274
1447987
1446243
1445733
1445441
1442764
1441138
1440568
1440117
1439921
1439682
1439317
1437688
1436134
1435154
1435043
1433901
1433476
1433185
1432995
1432776
1432697
1431944
1431928
1431720
1431719
1431116
1430861
1430838
1430286
1430139
1428617
1428519
1427714
1426937
1426738
1424846
1422923
1422199
1421958
1421483
1417553
1417466
1415446
1414816
1414549
1414469
1414145
1413832
1413747
1413421
1412165
1411953
1411077
1409425
1409380
1408442
1407496
1407173
1406945
1406497
1404710
1403676
1402001
1400630
1400225
1399883
1399801
1399135
1397621
1397495
1397316
1396903
1396165
1395283
1392851
1392807
1392484
1392367
1392156
1391839
1391021
1389801
1387660
1386359
1386276
1386078
1385715
1385556
1385498
1385418
1384396
1383977
1382611
1381098
1376887
1376865
1376173
1375981
1374498
1372671
1372620
1372404
1372224
1371966
1370151
1369541
1368907
1368489
1367009
1365603
1365541
1365200
1364364
1364204
1363530
1362089
1361490
1361200
1359931
1359354
1358204
1356181
1355539
1353590
1353402
1353049
1350408
1350114
1349676
1349095
1347349
1346242
1344633
1343508
1343290
1343280
1343188
1342886
1340510
1340431
1339083
1338668
1338483
1337221
1335188
1334736
1333339
1331697
1331664
1330764
1328771
1327565
1327448
1326874
1326455
1322388
1322138
1321776
1320070
1319431
1319092
1318689
1317809
1316048
1314314
1314126
1313985
1313556
1310841
1310442
1310121
1309812
1309605
1309040
1308981
1308916
1308547
1306638
1306034
1305750
1305429
1305259
1304928
1304054
1303136
1302959
1302771
1302141
1302098
1299388
1298285
1296508
1292940
1292707
1290262
1290257
1288147
1287256
1286895
1286748
1286509
1285616
1285469
1283619
1283401
1281620
1281597
1280073
1279717
1279474
1278550
1278256
1277276
1277211
1276658
1276496
1275012
1273286
1273159
1272618
1268143
1267349
1267293
1267074
1266948
1263188
1263181
1259155
1259085
1256672
1256176
1255681
1255111
1254986
1254797
1254301
1253622
1253545
1253076
1252486
1252451
1251071
1248875
1247955
1247360
1247262
1246151
1244639
1244337
1243970
1241933
1240145
1239505
1238715
1237653
1237095
1235608
1235160
1234454
1233918
1230086
1228835
1228603
1228285
1227978
1225642
1225058
1224270
1223115
1222476
1222171
1222125
1221148
1220456
1217364
1217337
1216761
1216119
1215299
1214690
1214152
1212926
1212546
1211429
1211351
1210352
1209389
1209344
1208349
1207675
1207177
1206891
1206018
1205818
1204691
1203289
1202318
1201375
1200583
1196724
1196553
1195441
1195305
1194902
1194700
1193369
1192120
1191251
1190961
1190453
1189089
1188465
1188134
1185994
1183608
1179339
1176677
1176402
1176345
1174972
1174709
1172626
1171984
1171053
1170294
1170279
1167185
1167024
1166746
1166052
1165788
1164377
1164350
1163589
1162210
1161558
1160533
1160387
1160286
1160038
1159364
1156732
1156455
1156295
1156280
1156151
1155674
1155624
1155577
1154638
1153757
1153217
1153135
1151737
1149139
1148699
1146860
1146668
1145203
1144435
1140896
1138951
1138640
1137830
1136721
1135812
1132533
1132183
1130617
1130518
1129529
1129346
1129029
1127524
1123760
1122767
1121871
1121556
1113394
1111964
1107870
1107842
1106937
1106802
1106763
1105708
1105178
1103030
1102863
1101758
1100420
1100178
1095618
1094760
1094525
1093711
1092659
1092519
1090735
1089844
1089509
1089271
1088559
1087454
1085477
1083946
1083666
1083650
1083113
1083032
1082090
1081771
1081244
1080838
1080288
1079233
1079095
1079070
1077500
1075369
1074851
1072985
1072801
1072311
1071735
1069850
1069720
1069006
1067487
1066947
1065490
1063982
1062691
1061158
1060438
1058558
1058318
1057861
1056498
1056283
1053971
1053581
1052543
1051893
1051286
1048872
1048630
1048216
1048033
1046945
1046817
1046672
1045079
1043820
1040500
1039253
1039019
1038995
1038583
1038436
1034999
1034794
1034734
1033605
1031461
1029235
1029138
1028222
1027846
1027337
1026967
1024642
1024296
1019524
1015864
1014677
1014142
1011982
1010308
1009734
1009660
1008737
1006504
1004808
1003779
999305
996689
994915
994862
994437
993263
990730
990261
988994
988895
987604
985839
985839
985191
984575
982802
982767
981989
981529
980574
980068
979696
979470
979414
978621
976988
975330
975130
974769
973268
973043
972708
972628
971278
970534
969425
968788
967004
966155
965086
964151
962961
962944
962367
961834
959423
958727
957176
955795
955770
955314
950693
949067
948104
947711
946746
946413
946246
946011
945573
941391
940974
939788
938262
938063
938051
937817
935717
932453
929244
928731
928387
926166
924636
924176
922743
921374
921202
919171
918790
918713
918274
918120
918053
917490
916683
916072
915683
915593
914511
911823
911779
903907
903267
903142
900978
900732
900513
899325
898633
898213
897392
897045
895470
895343
892546
892495
891400
890967
890175
890029
889330
886887
886393
885455
885115
883184
881577
880638
878887
878794
876377
874558
873849
873377
872289
871575
870748
869757
869057
868859
866758
866461
864419
863347
862152
860559
859035
858862
858521
857995
857068
856798
855171
854092
852735
851821
851608
849844
845950
844758
844509
843880
841937
841477
840004
839753
839228
836609
834970
834523
834384
833581
833014
830300
830027
829529
829392
828907
828751
826171
825018
824422
823024
822489
821884
820791
817461
815936
814992
812226
811442
807330
807319
805934
805182
804639
802957
802686
799970
799302
798023
797899
797531
795352
794171
793334
792790
791823
791003
789789
786367
786174
786055
785761
781962
781578
780772
780732
779571
779274
779108
778734
777236
777231
776599
775682
775386
773900
773761
772481
769295
769256
769080
767450
766673
766389
766079
762925
762843
760553
760211
760118
759537
758078
757820
756805
755881
755826
753584
753509
753097
752751
751009
750380
750006
749315
748864
748023
746444
746084
745142
744454
744250
743708
741790
741604
741433
740600
735985
734597
734147
732890
732870
731196
731137
729604
729335
728805
726155
724042
723065
720024
719987
718732
718067
717106
711881
711726
711057
707235
706573
702609
702335
701368
700863
698940
698397
695571
695416
694443
693166
690552
690464
689490
689396
689312
689306
688668
688665
687749
685500
684456
683466
682034
681633
681050
679910
679485
679170
676479
676391
674960
673312
672572
671383
670688
668672
667125
667014
664965
664800
663652
662921
662057
660775
659891
658178
657044
656810
656362
655484
654936
654069
654036
651806
651326
651058
649701
648722
648310
647849
647311
645012
644448
644337
643192
643143
642759
641062
640596
640477
640191
638648
638363
638225
637232
637028
636309
635720
635489
635461
634063
633158
633025
632847
632507
631485
630540
628104
625799
625529
625431
625409
624735
623944
622636
621763
621163
620577
617990
615027
614979
611533
610550
610251
610068
609438
609288
609196
608858
608290
607762
606766
604820
604793
604205
603959
603874
602738
602023
601476
600843
600753
597999
597471
596459
596070
594741
594374
593927
590908
589051
588612
588413
588134
587793
587627
586316
585851
581324
580638
580619
580322
579308
578326
578154
577779
577650
576294
575309
575128
574736
571827
571769
571032
568584
568146
567910
567391
566885
566677
565035
563213
561994
560041
558111
556391
556008
555956
554763
554511
553927
552759
552215
551019
548505
547405
546833
545244
543616
542491
541034
539326
538132
535169
533372
531008
529911
528120
526671
526655
525866
523695
521825
521519
519258
517478
516519
512101
512017
511960
511272
509959
509800
509598
509411
509343
508500
507883
507269
507015
506919
506651
505774
505568
503626
503075
502099
501453
497718
497532
496852
495181
491605
490579
489306
488093
485037
484667
484248
484218
484213
483090
483087
482901
482831
482467
481345
480642
480582
480199
479569
479410
479245
477249
476849
474959
470882
469712
468876
467840
467584
467404
467225
466608
465419
462803
462675
462600
461234
459041
458759
458382
457082
457072
456529
456305
456209
456139
455274
452407
450823
450724
450413
450143
448721
448003
447750
446919
445043
443622
442661
441685
440875
440366
437904
436781
435728
435055
434957
434000
427150
425953
425408
424873
424739
422441
420075
418352
416835
415828
415195
413802
413308
411153
408094
405765
405053
404857
404231
403797
403313
399905
399583
398149
396814
396105
395277
394513
394379
394145
393540
393220
388856
388303
384655
383052
382807
382514
381963
379517
379071
376373
375038
373184
371833
370528
370135
369970
369081
368992
368667
367687
364754
361707
361125
360713
360397
358922
358736
358409
356609
356063
356062
355940
352583
349270
348843
348292
346093
345200
344989
344035
343967
339248
338715
338025
338009
337234
335560
334954
334394
334334
332821
332473
331672
330152
329788
327352
327037
324966
324437
324421
324102
323616
322999
322214
322042
321902
319903
318595
316083
315881
315382
313924
313913
313907
313631
311664
310278
308214
308114
307041
306685
306555
306043
305878
305508
305131
304387
304288
304253
300728
300696
297859
297357
296073
294891
291076
291009
290779
290768
290432
289739
286573
285853
285659
285237
281573
278670
278661
278447
276881
275862
274515
273456
270693
270604
270409
270309
270289
269203
269161
268972
268683
267930
267635
266781
261228
260231
259078
258501
255403
252745
251808
251141
250431
250279
248904
248611
248409
248159
247035
246515
246317
241697
241491
240157
239260
237962
236957
236934
236719
236486
234176
233742
232329
232311
232057
230057
228839
228308
227302
225866
224097
222439
221500
221117
220990
220918
220545
220357
219544
219415
219195
218256
216314
215930
215225
214818
213843
213434
213208
212052
210783
209288
208348
208290
208179
207613
205947
205190
203771
202507
201970
200196
199510
199395
198478
197672
197440
193262
192713
191641
191260
190796
190727
190167
189283
188973
188198
187658
186311
182990
181455
181200
180514
179716
178991
178018
172174
171825
169522
166817
166059
166032
165240
165047
164148
164037
163986
163843
162998
161684
161209
160019
158851
158604
158065
157347
155171
154394
154145
153659
151924
151885
151002
150952
150677
149802
149015
148205
146265
146220
145944
143230
143062
141730
140317
139805
139103
135814
135710
135176
134361
134040
133713
133578
131267
129950
129868
128866
128778
128747
127714
125904
124863
124282
123955
120321
119734
119013
116333
115242
115119
112811
112134
111856
111558
108498
106185
105989
105699
103798
103129
102518
102107
101519
100151
98291
98136
95539
94741
94006
93256
93126
92119
88557
88212
86793
86240
85369
84381
82189
81315
79859
79731
79604
75310
74390
73734
71901
71538
71503
70383
66683
66306
64738
64271
62525
60417
60197
59204
59143
58086
58014
57295
57210
56879
52930
52260
51655
49682
46940
46735
46183
44292
43534
42869
42480
41993
41221
41104
39045
36342
36008
33026
31828
31748
30248
29610
29520
28007
27862
27586
24940
24728
24727
24621
24467
23745
21275
19703
18830
17405
16943
15588
14884
12910
12180
10810
9378
6212
5918
4660
4498
3904
2886
2586
162
