1000
998462
995410
995315
992997
992857
990804
988806
988696
988348
987286
987109
986219
986004
985831
985316
984664
984287
980594
980468
980326
979133
978652
977030
973078
972027
969950
969451
968500
966999
965926
963056
962225
961235
960163
959979
957603
957177
956498
955530
954994
954755
953368
953102
952310
951946
951687
949873
948626
947774
946817
946412
945998
945652
945244
944956
942924
942255
941228
939498
938887
938674
937719
936986
933042
932804
930903
928389
928377
928366
927880
925829
923539
921986
921831
921734
920743
920558
920272
919624
918948
918444
917930
916181
914152
911557
910971
909498
909432
909413
909390
909156
907670
907551
907399
906104
905870
905336
903702
903203
903178
900069
899996
899184
898354
897711
897177
896574
895946
894790
893574
890030
889352
889205
888767
888711
888690
883529
882813
882482
882316
882184
881235
878797
878473
872800
871675
871254
871214
871023
868740
866894
866090
864221
863175
858973
857156
856707
851530
851266
850543
849813
848151
848076
846028
844302
843195
842675
842033
841760
838842
838031
835065
834850
834407
832775
832606
830327
829288
827088
825857
823151
822211
821701
821472
818287
817942
817633
817542
816655
816525
814586
813936
813553
811714
808561
808537
807237
806812
805179
803568
800380
799659
799367
798129
798123
797935
795392
793358
791152
790559
789809
789080
788621
788011
787785
786744
786188
780937
780519
779018
778952
778146
774336
771390
770958
770789
768007
767437
767325
766018
762595
762276
759081
756953
756475
755740
754895
754648
754570
754281
754202
754105
753697
752797
752653
751737
750052
747887
746138
745146
744478
743408
742424
741991
741551
741263
740798
739555
738015
736362
735563
735382
735187
734509
731821
731731
731031
727151
726167
723978
723909
723672
723637
722635
719898
718990
717004
716746
715867
713858
713848
711839
710699
710513
710144
710043
710022
709933
709657
709453
708851
708017
706379
706055
705069
703427
701260
700131
700120
699811
699677
699641
697680
697415
696945
696851
695461
695352
694148
692860
692699
690754
690619
690577
690296
689154
688134
687448
686865
685101
684197
683426
682919
682500
681554
680939
680695
680695
680280
680002
678584
678252
674915
674784
672984
672119
670300
670131
669620
669153
668083
666431
665480
664567
664329
664238
662418
662344
662157
661959
660300
660200
657727
657654
654663
654644
654538
654367
654198
654122
653079
652839
651771
651103
648879
643870
643126
642354
640586
638334
638242
636769
635997
635041
633650
633204
632255
631155
630541
630323
625360
624654
621666
621547
620923
619562
618716
617317
616452
616123
615926
613693
612754
612148
611654
607572
606330
605382
604229
602133
601997
600266
599603
599558
599222
599150
598449
596818
595027
590305
589999
589878
589080
589011
588410
587439
586134
586019
584871
583090
582586
581973
581507
581172
580478
579198
578885
578773
578287
578086
577823
577722
575150
574883
574311
573390
573219
572539
570034
569835
569373
567438
566587
565367
564508
563338
563202
563122
563047
561851
561071
556912
556433
555259
555010
552688
551595
551036
550656
549304
546838
545176
544977
544067
542420
540100
539245
538922
538710
538458
535982
534587
533409
532845
530608
529274
528735
527952
527511
527060
526867
524686
524578
521478
519946
519822
518199
517882
516961
516691
513286
512060
511196
511110
510821
507463
506129
505937
504463
501142
500478
500402
500321
499995
499326
499177
499085
497187
497000
496868
495376
494562
493080
492819
491840
491501
491362
490501
488877
488570
487680
487500
486478
485834
485282
484874
483779
482990
481787
481402
481073
480917
476087
475215
474501
474122
473918
472969
472195
472181
471342
471315
470516
470430
469276
468514
463923
461250
460566
459846
458779
457682
457298
456516
456036
455701
455584
454460
453466
452414
452239
446010
445895
445629
445422
444571
444544
444437
444313
444151
443330
443215
441216
440724
438461
437360
435463
435204
432914
431689
430233
430115
428560
428489
428359
427524
427282
427047
425982
425829
425252
422813
422148
420820
420165
419776
419359
418186
417656
416899
416663
416408
416148
416046
415847
415161
413891
413062
412570
412093
411193
410917
410304
402542
400311
399999
399346
399282
398977
397494
397049
396663
395884
394959
394265
393168
392758
392756
392326
391996
391085
390211
390033
389308
387235
386639
385087
383606
383445
383265
382272
381990
381601
380830
380351
379885
377160
377010
376004
374848
374798
374298
373687
373415
373052
372552
371284
369217
368443
367432
366570
365927
363701
361629
361507
361236
360819
359651
357977
357085
356719
356467
351913
351533
351126
346952
346623
345917
344348
343046
342278
341511
341095
339863
338817
338570
338310
338169
338109
337714
336186
333209
332852
331503
331488
331130
330014
329628
328797
328050
327448
327391
327369
326380
326225
324916
324604
324399
324172
323416
320072
318706
317278
316145
315495
314923
312342
310776
306962
306525
306414
305192
305011
304448
304243
303785
302018
301153
300110
299477
299013
297788
296950
294960
293812
292787
290867
290581
289861
288017
286446
285227
284206
283693
283541
281060
280325
280146
280034
279459
278569
277229
275337
274929
273917
271373
270966
270637
270352
267050
264910
264852
260753
260544
260401
259889
258583
257372
254737
253952
250902
250539
250425
244814
244406
243299
243085
242415
240737
238227
237870
237744
234330
233799
233351
231194
230276
229540
229393
228426
228356
225677
225412
223274
221934
220237
219442
219215
218665
216072
215520
215298
215254
214971
213873
212528
211970
211329
211110
207757
207562
206588
204695
204081
203046
202962
201700
200304
199738
199269
197392
196948
195814
195180
192712
192651
191891
191692
190992
190251
189322
185468
185160
183374
181879
180237
180049
179147
178642
177719
173148
172548
171345
169486
167753
167418
166685
166414
165159
163989
163957
163681
163651
163300
162091
161160
159881
159770
158807
158114
157887
157074
155868
155739
155583
154885
154636
153475
152815
152736
151898
149003
146457
146453
146291
146020
145997
145423
144803
144548
144238
144206
144150
142975
142499
142001
137887
135389
134526
134093
133839
132883
132751
132308
131503
128830
128185
127442
126149
126006
125820
124186
122595
122075
121644
121235
120849
118734
118101
116964
116501
115961
115849
114452
113366
112809
112545
112115
108579
107061
105234
105186
104269
102606
102528
102049
100477
100095
99462
98621
98542
98481
98455
95414
95131
93269
93006
91929
91145
90029
87028
84680
82737
81717
79446
75327
74975
74897
74572
73448
72018
71766
70978
70409
69722
69184
68039
68024
66634
66276
66178
64858
63796
63737
63614
63136
62437
61439
59547
57435
55314
54639
54228
52122
50986
50374
50109
49104
46960
46158
45470
44237
44196
42202
42136
41622
40314
38709
38612
38175
36303
35478
34426
31156
28747
28405
28273
28207
27310
26735
25462
25342
24141
17922
16187
15895
13935
12086
10484
10097
10076
8324
6234
5341
3406
3211
1664
1653
1583
203
