10000
9999502
9998871
9997913
9997464
9996960
9994453
9994122
9993122
9992913
9992696
9992238
9989712
9989551
9987943
9986817
9983259
9981539
9980855
9980518
9979194
9977977
9977928
9977770
9977493
9977402
9975606
9974256
9973746
9972944
9971770
9969396
9969298
9968687
9968581
9967809
9967447
9967250
9966607
9964810
9964739
9963462
9962173
9960248
9960176
9959695
9959607
9958867
9956446
9955664
9951214
9950320
9948882
9948689
9947897
9946716
9945732
9945208
9940962
9939960
9938365
9935435
9933999
9933842
9933809
9933785
9933190
9931571
9930942
9930836
9928745
9927554
9927452
9927376
9926292
9925906
9925382
9925303
9925239
9924791
9924018
9923720
9923254
9922699
9919715
9916609
9915869
9914820
9913864
9912811
9911895
9910689
9910181
9909356
9908987
9908804
9905334
9903398
9903133
9901402
9901057
9899623
9895747
9895083
9894808
9894626
9894569
9893862
9893830
9893053
9892778
9890978
9890651
9890167
9890136
9888297
9885058
9884569
9883762
9883292
9882558
9881051
9880219
9879202
9878122
9877651
9876718
9876358
9872890
9872583
9871835
9868865
9868814
9866628
9865230
9865158
9864927
9864820
9864389
9863404
9862268
9861626
9860882
9860561
9859742
9859091
9858563
9857207
9856761
9856742
9856649
9856459
9855096
9855016
9854799
9854630
9853665
9851065
9850080
9849103
9848773
9848726
9846760
9844510
9842784
9842540
9842415
9840776
9839049
9839029
9838611
9837141
9837062
9836965
9836784
9836650
9835995
9835507
9835394
9832980
9832950
9832351
9830529
9830459
9829027
9828659
9828092
9820121
9817599
9815823
9815801
9814899
9814765
9814295
9813723
9813502
9812749
9812623
9811950
9811116
9811080
9808574
9807614
9807595
9806916
9806630
9806143
9804455
9804026
9803712
9803648
9803520
9803211
9803121
9801247
9800309
9800232
9800117
9798562
9796182
9795589
9794708
9794154
9792831
9791546
9788394
9786542
9786154
9785450
9784796
9782217
9781606
9780533
9780474
9779053
9778174
9778020
9777769
9776761
9776394
9773644
9773191
9769893
9769193
9765723
9763675
9763013
9762900
9762128
9761656
9759620
9758150
9757867
9756372
9750889
9748385
9748142
9746586
9745079
9743657
9743199
9742336
9742241
9740738
9737342
9736202
9735367
9735136
9733851
9725217
9722005
9721343
9720816
9720066
9718101
9717079
9716357
9714748
9714510
9713244
9712449
9709851
9709652
9707430
9705254
9704578
9704094
9703707
9703250
9702329
9699821
9698334
9697671
9695810
9691825
9688238
9687955
9687313
9686863
9686698
9684470
9683391
9681946
9681524
9677366
9674441
9673328
9673150
9672351
9671783
9670990
9670854
9669530
9668647
9668158
9667936
9667692
9666660
9666236
9664857
9662823
9661486
9660078
9659125
9657291
9655940
9655788
9655637
9655197
9652460
9651917
9650265
9647864
9646940
9646478
9642853
9641935
9638270
9636056
9633778
9633499
9633056
9632732
9629471
9628820
9628669
9626708
9625889
9625515
9621758
9620789
9620084
9620017
9619476
9619137
9619042
9618344
9617025
9616994
9616558
9614271
9613170
9611918
9611454
9611071
9610211
9608861
9608767
9608248
9608066
9607490
9607476
9606853
9604012
9602804
9601969
9601792
9601775
9601650
9600310
9599921
9598012
9597485
9597012
9595382
9594976
9593444
9593395
9592601
9590868
9590089
9589977
9589301
9588413
9588361
9586596
9585644
9585174
9584959
9583327
9582739
9582511
9580974
9580394
9579137
9578977
9578565
9577454
9574849
9573780
9573258
9572740
9572274
9571539
9568537
9568180
9567230
9566665
9565744
9564345
9563024
9562140
9561183
9559452
9559247
9557988
9554749
9554206
9551551
9549242
9549079
9544903
9544618
9543638
9542989
9539137
9538715
9536693
9536125
9535036
9534869
9533831
9533668
9532815
9531761
9531614
9531294
9529820
9529608
9529520
9528464
9526871
9526182
9526045
9525266
9524999
9522520
9521363
9521158
9516602
9516324
9513703
9513603
9512847
9512202
9511244
9511197
9511018
9509388
9508202
9507812
9506206
9504796
9503408
9501501
9500935
9500378
9499839
9498873
9498757
9498504
9498364
9498221
9496679
9495218
9492568
9490992
9490195
9489719
9489286
9489136
9488574
9488323
9485398
9484730
9483073
9483030
9480640
9480334
9477182
9474693
9473689
9473336
9472461
9471394
9470638
9469990
9468970
9468370
9467961
9467264
9467034
9466475
9466185
9463391
9460927
9459867
9458734
9458219
9457908
9456197
9456110
9455583
9454814
9454578
9453552
9453045
9452774
9451512
9451348
9450664
9449717
9449527
9448487
9447821
9447618
9447469
9446950
9446003
9444750
9444033
9442445
9442248
9441382
9440290
9438137
9437318
9434547
9434514
9434402
9433097
9431196
9430008
9429686
9429537
9429398
9429105
9426588
9424856
9424785
9424200
9424162
9423415
9422954
9422349
9420690
9420210
9420075
9419623
9416227
9415179
9415124
9415103
9413393
9413056
9412512
9412426
9411912
9409783
9408716
9408498
9408288
9407408
9407031
9406126
9405172
9403824
9403748
9403028
9402892
9401915
9401546
9397764
9395907
9395479
9395013
9392767
9392294
9391255
9390637
9390608
9390571
9387160
9386969
9385844
9384752
9384682
9383252
9382446
9381540
9380254
9378351
9376098
9375730
9372535
9372430
9371883
9371493
9371081
9368701
9368595
9367951
9366644
9366248
9365865
9365630
9365568
9365082
9364112
9363480
9362150
9358514
9357398
9357149
9356106
9354698
9353726
9352274
9350421
9349417
9347754
9345981
9345011
9343503
9342243
9341755
9340776
9339771
9339615
9339325
9338577
9337507
9337065
9336855
9336002
9335940
9335481
9334978
9334608
9332724
9331321
9330474
9330264
9329683
9329579
9329469
9328051
9326857
9325220
9324725
9324363
9323037
9322961
9321733
9321029
9320758
9314955
9314625
9314033
9313470
9308779
9307471
9304855
9304219
9303912
9303657
9303644
9302877
9302842
9302321
9300983
9300361
9300213
9298486
9297265
9293830
9289914
9288730
9287541
9287069
9284774
9284531
9280611
9279512
9277890
9277201
9276015
9275003
9273046
9270966
9270315
9269712
9269300
9269216
9269103
9266044
9265453
9265429
9265067
9265016
9264190
9263821
9261909
9261885
9260778
9257311
9257212
9256818
9256360
9254091
9253401
9250375
9250356
9249731
9248433
9248093
9248071
9247888
9246797
9245514
9244841
9244476
9244399
9243501
9242986
9239219
9237296
9236630
9236387
9235918
9235296
9235219
9235205
9234848
9233434
9231720
9230823
9230330
9230330
9230280
9230160
9229409
9229210
9228831
9227664
9225610
9224573
9223062
9219971
9218524
9217778
9217662
9216998
9215710
9214238
9214062
9212340
9212285
9211695
9211434
9207985
9207694
9206310
9204940
9204435
9204245
9203728
9203701
9203480
9202682
9202185
9201556
9201354
9199905
9198796
9197973
9197567
9196853
9195008
9193787
9193004
9191038
9190402
9189938
9189308
9188261
9188075
9187784
9187764
9187375
9187313
9186568
9185157
9184119
9183342
9182522
9182501
9180398
9178157
9177695
9176213
9175996
9173992
9173976
9171746
9171502
9171472
9170715
9170395
9166552
9166146
9165724
9164883
9164798
9164501
9163732
9162985
9162765
9162542
9160807
9160716
9160562
9159354
9158613
9155852
9155100
9152087
9151391
9148196
9145624
9145418
9145100
9143138
9142966
9142556
9140525
9140083
9140022
9139492
9139367
9139352
9139043
9137805
9137216
9136515
9136510
9134086
9129974
9129477
9128242
9126899
9125923
9125347
9123718
9123393
9122303
9119495
9119118
9118615
9118462
9116831
9116756
9114876
9113124
9111862
9111556
9111176
9110983
9110217
9109603
9109127
9107628
9107209
9106742
9106648
9105063
9104748
9104723
9103830
9103809
9102291
9099445
9097340
9096619
9095652
9095576
9095336
9094750
9094262
9093917
9091639
9090726
9090149
9084008
9083556
9082998
9082388
9080113
9080015
9079058
9077617
9077534
9077327
9077124
9076942
9076865
9075780
9074408
9074249
9074246
9074095
9073181
9072668
9070074
9069983
9069264
9066187
9066081
9064556
9063709
9062997
9062895
9062460
9059405
9058542
9056366
9056283
9055336
9054722
9053722
9050645
9048739
9048353
9047981
9047872
9047602
9047195
9047109
9044389
9042194
9037930
9034359
9033797
9033700
9033168
9031542
9028001
9027129
9027035
9026413
9024558
9019872
9018068
9016219
9014895
9014551
9009709
9007774
9005927
9002917
8996828
8995483
8993821
8993788
8992903
8992565
8992248
8989061
8988877
8987786
8985980
8983336
8981908
8981205
8979850
8978074
8977881
8977005
8976745
8976084
8975635
8974721
8973793
8973134
8972997
8972582
8971811
8971203
8969911
8969670
8968330
8966903
8964568
8963185
8960736
8960440
8959009
8958656
8957595
8956082
8955602
8955161
8950934
8949627
8948909
8948880
8948614
8947830
8947086
8945845
8944750
8943239
8942033
8940792
8940660
8938946
8938474
8938433
8937734
8936927
8936294
8935155
8934478
8933906
8932463
8932210
8930977
8930547
8929785
8926748
8926205
8924879
8924770
8923538
8922843
8922763
8922713
8922047
8921336
8919738
8917553
8915987
8915417
8910853
8910493
8910236
8909848
8909604
8908953
8907806
8907313
8906917
8906852
8906400
8905847
8904187
8904176
8903530
8900997
8900179
8898188
8897764
8894970
8892677
8892648
8891782
8890960
8890536
8890443
8890183
8889095
8887992
8885707
8884468
8882697
8882610
8880283
8880138
8879881
8879218
8879104
8878934
8877649
8877441
8877428
8876173
8873077
8872504
8872016
8871472
8870301
8870026
8869790
8869230
8868660
8866107
8865928
8864895
8863874
8863222
8861734
8861531
8858912
8857336
8856338
8856233
8855692
8854029
8853764
8853507
8852924
8852803
8851446
8850102
8848436
8847768
8844973
8842870
8841907
8840278
8838034
8837402
8837229
8835208
8833598
8831541
8831061
8830821
8829509
8827935
8827603
8826978
8826566
8826013
8823748
8822716
8822097
8814153
8813592
8813177
8811782
8809666
8809385
8808220
8807037
8806664
8804237
8802291
8801366
8800556
8800514
8799234
8792755
8792186
8792016
8790207
8786606
8786272
8785976
8780553
8779000
8778944
8778449
8778068
8777807
8777594
8776569
8776565
8774926
8773941
8772595
8770421
8769890
8764283
8762923
8761966
8761871
8761659
8761466
8760463
8760161
8759045
8758493
8757428
8756138
8755507
8755291
8754904
8753157
8753072
8752716
8752233
8752149
8748852
8748023
8748013
8747738
8742569
8741478
8741444
8739646
8738946
8738168
8735159
8732300
8730951
8728683
8728050
8726762
8726404
8725898
8724810
8722420
8722271
8721429
8720301
8719117
8718794
8718353
8718045
8717701
8717465
8716581
8715852
8715558
8714827
8714312
8713178
8709770
8709337
8707013
8704086
8703307
8701099
8699610
8699238
8698286
8698281
8697995
8696792
8695760
8695188
8695079
8695064
8693900
8693791
8693780
8690969
8690656
8689754
8689451
8688252
8688117
8688059
8687379
8686828
8686775
8684733
8683159
8680492
8680243
8680224
8679959
8679422
8679087
8676052
8669537
8668079
8666302
8665285
8665068
8664583
8663360
8663245
8662443
8660479
8658620
8657099
8656002
8654631
8654574
8653461
8653450
8653268
8651965
8650901
8648706
8644065
8643464
8643345
8643067
8642507
8641704
8641528
8641243
8639795
8637331
8636946
8636544
8633637
8633597
8633377
8632551
8632195
8631691
8629060
8628604
8626905
8626858
8626371
8624066
8623253
8623122
8621159
8620078
8619351
8619058
8618127
8617209
8617164
8616247
8615963
8615697
8613379
8611877
8610026
8609987
8609211
8603416
8603252
8601914
8600534
8600125
8600045
8599228
8598163
8597269
8596254
8595434
8595203
8594616
8592782
8592152
8591134
8591104
8590763
8590247
8588810
8587824
8586105
8586071
8585659
8584712
8583221
8583060
8577710
8577578
8576804
8573911
8573531
8573300
8570259
8570003
8568878
8567093
8565358
8564798
8564209
8563903
8562534
8562447
8560709
8560348
8559908
8557424
8556739
8556404
8555174
8553784
8552969
8552824
8551920
8551728
8549989
8546393
8543868
8543044
8542991
8541897
8541732
8540493
8539809
8537939
8537606
8537289
8536796
8535906
8534471
8534114
8530835
8529855
8529287
8528537
8528422
8526297
8525694
8525140
8519720
8517724
8517265
8517142
8516662
8515870
8515071
8514997
8513768
8511892
8511727
8511191
8510370
8509492
8508877
8508107
8508082
8507479
8507188
8506352
8504078
8503387
8501781
8500467
8497389
8497141
8496905
8496885
8496521
8496119
8495956
8495886
8495300
8494281
8492589
8492396
8492317
8491443
8486274
8485564
8484613
8484499
8483654
8482360
8481264
8480712
8478966
8477383
8476423
8475887
8473992
8473418
8472622
8470935
8468145
8466654
8465639
8462253
8462074
8461528
8461092
8458623
8458573
8458549
8456276
8455055
8453613
8451595
8450486
8448247
8448206
8445025
8443773
8440698
8440162
8438502
8438127
8436147
8435511
8434079
8433218
8432049
8431962
8431082
8430567
8428970
8428420
8425556
8423920
8423588
8422699
8422267
8421693
8420610
8419855
8419733
8418310
8418198
8417588
8417108
8416408
8416354
8416044
8415836
8414149
8413821
8412356
8411316
8407859
8407405
8406148
8405241
8404183
8404150
8403571
8403142
8402121
8401445
8400021
8399171
8398349
8397862
8396763
8396631
8395593
8393806
8391735
8391073
8390682
8390584
8390072
8389824
8387011
8386978
8386894
8385560
8384656
8384384
8383997
8382576
8382154
8380517
8380201
8380002
8379943
8378226
8377926
8377300
8376583
8376334
8376325
8375532
8374260
8372344
8370124
8369779
8369156
8368513
8367318
8363518
8361041
8361004
8360878
8358619
8358470
8354702
8353720
8353266
8353017
8353008
8352084
8351251
8351074
8350936
8350710
8348624
8348168
8347918
8347648
8346713
8346418
8345494
8345002
8344171
8343885
8343749
8343483
8341856
8341776
8341597
8340983
8340608
8340373
8339502
8337788
8337762
8336813
8335215
8334848
8334126
8333856
8333815
8331997
8331396
8329266
8328013
8327065
8323141
8322818
8321719
8321563
8317905
8316817
8315690
8315127
8312473
8311973
8311339
8311022
8310689
8310130
8309960
8306678
8305793
8304746
8303343
8302753
8302501
8302061
8298551
8298028
8296757
8295355
8295229
8295161
8294603
8294570
8292086
8291376
8291155
8288222
8288030
8286395
8285105
8284459
8281867
8281169
8280585
8280494
8279734
8277821
8277782
8277730
8277125
8276655
8271988
8271704
8271662
8269068
8268701
8268691
8268414
8268295
8268034
8266374
8265685
8263927
8263752
8263591
8262337
8261608
8261520
8259466
8257498
8256482
8252691
8252452
8252438
8250685
8249771
8246181
8245711
8243922
8240949
8240805
8239657
8239446
8239391
8237991
8235148
8234381
8233866
8230548
8230008
8228822
8227951
8227895
8226857
8226778
8226407
8226251
8224247
8223344
8223183
8222201
8220888
8219992
8219269
8218231
8217838
8217444
8216723
8216722
8214610
8214115
8213882
8212770
8211954
8211305
8210344
8208098
8207989
8206610
8205937
8205431
8205089
8203835
8203422
8203083
8201730
8201557
8201279
8200852
8200019
8198513
8198237
8195892
8195830
8195764
8195585
8194604
8191039
8190555
8190503
8189494
8189022
8186556
8185067
8183526
8183476
8182161
8180176
8179188
8176699
8175463
8174884
8174670
8174614
8174570
8171457
8170120
8167007
8166993
8166385
8164740
8163104
8158234
8156765
8153296
8153123
8152888
8151989
8150748
8150409
8147603
8147117
8144847
8143081
8142172
8140532
8139846
8137535
8137486
8136762
8136536
8136128
8135672
8133038
8132774
8131986
8131414
8131412
8130428
8127595
8127586
8126221
8125804
8125559
8125122
8123919
8123895
8123551
8123018
8122853
8122339
8121911
8121269
8120654
8120517
8120240
8119932
8117702
8117069
8112925
8112194
8112100
8111741
8110257
8102943
8101368
8101278
8100930
8100565
8100006
8099219
8098019
8097664
8096901
8096158
8095240
8095098
8094250
8094027
8094013
8091790
8089650
8089076
8088481
8087860
8085948
8085330
8085259
8085174
8085145
8085123
8084594
8083950
8082477
8080872
8079934
8079190
8077951
8076582
8076238
8075589
8074782
8074426
8072827
8071779
8071279
8068503
8068371
8067781
8067135
8063522
8062301
8060058
8058285
8054484
8054111
8053669
8053653
8052540
8050992
8047173
8043163
8042999
8042727
8042181
8039883
8038633
8038540
8036885
8034841
8034070
8033365
8031937
8031688
8030852
8030154
8029074
8026402
8024576
8022790
8022579
8021679
8021565
8021397
8019779
8019645
8017527
8013542
8013447
8012495
8012241
8011995
8011766
8009566
8009405
8007787
8006065
8005312
8005192
8005087
8003583
8002894
8002893
8001610
8001006
7999995
7999715
7996727
7995954
7994932
7993488
7992672
7992502
7991770
7988568
7988504
7987349
7986839
7985433
7984983
7984510
7984290
7982822
7981888
7981066
7979955
7979675
7979163
7977570
7977303
7973901
7973543
7971211
7970668
7970070
7968956
7968820
7968693
7968110
7968082
7966650
7966095
7964781
7964391
7963548
7963223
7962705
7962610
7962204
7962162
7958346
7958158
7957552
7956594
7955974
7955074
7952502
7951497
7951389
7950961
7950472
7950221
7949573
7948567
7946935
7946465
7945948
7945224
7944010
7943153
7940362
7940304
7939797
7938606
7938505
7935322
7933400
7932327
7929966
7929299
7929295
7929081
7928586
7928293
7927653
7927617
7925441
7924919
7924803
7923455
7922922
7922250
7921183
7920731
7920569
7919883
7919385
7915112
7915063
7913695
7911895
7911855
7911460
7911313
7910212
7909670
7909598
7908840
7907093
7906476
7904217
7904191
7903612
7903444
7902614
7900878
7900631
7898381
7895569
7895228
7891843
7891657
7889947
7888814
7888347
7887993
7886769
7886619
7884125
7882993
7880061
7879476
7877835
7876826
7874702
7873001
7871361
7870781
7869965
7869558
7868749
7868184
7867176
7867055
7865692
7865361
7863933
7863176
7862683
7862330
7862201
7854258
7854065
7850239
7849881
7849367
7849291
7848366
7847621
7846993
7846218
7845437
7843970
7842945
7840944
7840725
7836584
7834959
7832484
7829732
7829411
7828649
7828507
7828364
7827881
7827140
7825521
7823043
7821796
7820640
7820375
7818805
7818167
7816597
7815197
7815027
7814184
7813690
7813301
7813235
7812883
7810621
7808791
7807922
7807058
7806429
7800844
7800784
7800425
7799964
7799873
7794987
7794831
7793753
7793174
7792234
7791964
7789984
7785808
7785324
7785170
7784708
7783928
7783671
7781194
7781089
7780590
7779449
7779179
7779123
7777501
7777432
7777114
7776890
7776170
7775393
7773476
7772913
7772499
7772285
7771695
7769072
7768723
7767323
7766805
7766306
7765402
7765335
7763287
7762658
7761072
7760977
7760356
7756186
7749025
7747964
7746746
7746354
7744796
7744332
7743161
7741853
7740398
7739658
7739034
7738852
7738301
7737649
7737391
7735536
7732909
7732363
7732322
7731404
7731220
7731060
7730935
7730518
7730340
7730288
7729714
7725312
7724164
7722487
7722287
7722066
7721054
7720304
7719569
7718510
7718298
7715691
7715560
7714139
7713626
7713545
7713541
7713355
7712977
7711813
7711279
7710476
7710090
7709462
7707015
7706228
7705348
7704533
7702753
7702212
7700687
7699463
7698133
7697487
7695909
7693163
7692304
7691922
7690514
7688623
7685848
7685034
7684838
7683998
7682227
7681694
7681158
7679417
7677248
7677079
7676842
7676582
7675846
7675499
7675149
7674832
7674756
7673345
7670966
7670457
7669948
7669799
7667292
7666123
7664692
7664076
7662868
7661856
7658290
7657581
7656707
7655754
7654329
7653467
7652674
7652087
7651221
7651035
7650202
7648648
7647467
7647433
7646923
7646712
7646689
7643993
7643884
7638975
7638341
7636316
7636203
7635639
7635074
7634991
7634895
7634083
7631789
7630353
7629268
7628614
7626792
7625729
7623229
7622758
7622544
7621830
7620026
7619674
7618184
7616181
7614272
7612501
7612431
7612267
7611912
7611554
7611530
7610280
7609819
7609756
7609504
7609496
7606119
7606011
7605665
7604609
7604453
7604413
7603762
7603216
7599664
7598745
7598035
7596153
7591665
7591049
7589749
7588730
7588451
7588183
7584553
7584454
7584024
7583556
7582887
7581735
7576603
7576014
7574538
7573990
7570087
7567665
7566377
7566287
7564938
7564895
7564797
7564787
7564242
7563998
7563599
7562817
7562452
7562369
7561057
7560772
7560343
7559681
7557906
7557402
7555766
7555302
7553826
7551717
7550837
7547892
7546584
7546305
7546290
7545800
7542474
7542211
7541471
7539544
7539386
7539339
7539193
7537424
7536539
7535765
7534953
7534928
7534523
7532197
7531681
7531582
7530026
7529585
7529081
7528866
7527756
7527433
7527319
7526929
7524450
7523960
7523736
7523480
7523312
7522414
7521970
7519901
7519150
7518979
7516237
7515751
7515708
7515433
7515230
7513549
7513299
7512052
7510788
7510630
7508430
7508236
7507987
7506460
7505521
7504691
7502774
7502691
7501391
7500464
7499367
7499354
7499347
7497449
7496083
7495619
7495454
7493506
7492928
7492803
7492120
7491889
7491445
7490862
7489563
7487420
7486859
7486693
7485424
7484848
7484495
7481425
7481253
7480458
7479333
7479056
7478993
7478656
7478323
7477799
7477244
7477029
7475401
7474537
7474316
7472936
7472447
7469947
7467227
7466409
7465550
7465525
7465333
7465161
7464232
7464228
7463685
7463178
7462271
7459843
7456807
7456160
7455262
7454836
7454231
7452464
7452173
7451513
7450921
7449498
7448286
7447982
7447809
7447020
7446317
7445759
7442956
7439453
7439030
7438802
7437336
7435235
7434917
7433683
7433053
7432364
7432356
7430052
7429465
7428098
7424795
7424314
7423086
7422328
7422282
7421475
7418854
7418101
7417304
7417139
7416959
7416821
7415976
7414148
7413501
7413090
7412741
7412491
7412366
7411947
7411756
7411424
7410250
7405515
7401812
7399956
7399092
7399005
7397750
7395310
7394622
7394428
7394298
7394198
7393071
7392374
7392271
7391220
7389604
7389100
7388595
7388589
7388213
7387084
7385073
7384451
7384306
7382883
7381633
7381566
7381079
7373851
7373561
7373008
7370165
7369947
7369657
7368684
7367964
7367901
7367666
7367297
7367083
7365076
7364029
7362766
7362286
7361077
7360039
7358231
7358161
7357525
7357149
7356228
7356107
7354996
7353929
7352235
7350006
7349919
7349207
7348498
7348234
7348107
7346188
7345111
7344869
7342226
7341497
7340851
7338884
7338360
7337123
7337026
7334273
7333592
7333438
7332776
7332737
7331030
7330818
7329647
7329414
7328847
7327270
7327099
7326990
7325249
7325228
7324200
7323913
7322943
7321678
7321497
7321177
7318571
7318090
7317351
7316783
7316599
7316426
7315652
7315291
7314660
7313263
7312079
7308482
7308414
7308139
7306356
7306087
7305699
7303883
7303184
7302893
7302820
7302478
7301973
7301857
7301262
7301099
7298467
7298143
7296209
7295123
7294933
7293423
7292876
7292864
7292390
7291568
7291506
7288719
7287869
7287156
7286985
7286500
7285526
7284111
7282887
7281678
7280695
7280669
7279251
7277458
7275705
7273927
7272725
7271507
7271449
7269844
7269683
7268990
7268422
7265830
7264690
7264053
7262524
7262482
7261739
7259646
7259340
7259147
7258866
7258109
7257761
7257442
7255282
7255090
7254611
7252582
7252239
7250777
7249944
7248906
7248510
7247852
7246422
7245721
7243051
7242718
7241956
7240141
7238508
7238041
7237292
7236911
7233120
7232992
7232934
7232655
7231504
7230995
7226659
7226347
7226233
7223786
7223100
7222376
7221782
7221731
7221128
7220011
7219791
7219776
7219289
7218467
7217004
7216383
7215826
7215289
7214826
7212919
7211426
7211155
7210706
7208587
7207865
7206548
7204737
7204038
7203270
7202688
7201776
7201328
7201265
7200401
7199922
7199794
7198990
7198830
7197782
7195538
7194837
7193635
7193613
7192352
7190626
7189914
7187389
7187360
7187023
7186697
7185966
7184962
7183599
7183498
7183230
7179964
7179420
7178709
7178278
7177887
7177507
7176728
7176471
7176043
7175226
7173869
7173525
7170450
7169554
7169287
7167149
7166452
7165466
7162402
7161114
7159636
7156925
7156781
7155684
7154934
7154813
7154793
7154628
7154390
7152580
7151642
7151271
7151261
7150060
7149867
7149214
7148913
7147238
7147097
7145647
7143310
7142744
7141352
7141114
7139929
7139036
7137486
7134581
7133461
7132011
7130327
7129272
7128322
7127897
7127089
7123676
7122760
7122466
7122084
7120703
7119209
7115261
7114196
7113851
7113767
7112872
7111787
7110889
7110806
7110370
7107139
7106691
7104931
7103704
7103224
7103072
7099920
7099427
7095267
7092962
7092724
7092666
7088659
7087909
7085815
7085732
7084994
7084978
7084964
7083516
7080703
7079709
7077604
7077216
7076641
7074924
7074456
7072928
7072435
7072023
7071831
7069441
7066637
7066197
7066163
7065442
7064442
7064122
7063305
7063304
7063037
7061390
7061012
7060817
7060800
7060415
7058709
7058241
7056204
7054853
7054555
7054077
7053303
7052981
7052066
7050905
7050635
7050591
7050214
7050105
7049940
7049253
7049074
7048542
7047272
7045745
7045157
7043909
7042870
7042016
7041622
7040144
7040117
7037991
7037470
7037271
7037227
7037069
7035370
7030450
7025541
7025212
7024895
7024842
7023612
7023494
7022308
7021828
7020117
7019661
7018960
7018766
7018384
7018129
7016634
7016577
7015888
7015758
7015670
7015426
7012268
7011774
7011651
7011548
7011086
7008669
7008530
7007481
7007126
7006883
7005852
7005606
7005186
7005105
7004105
7002008
7001143
7000553
6999234
6998015
6997950
6997932
6997918
6997704
6996321
6995755
6994648
6993643
6991612
6991078
6986879
6985085
6984582
6982412
6981477
6979557
6978554
6978037
6977584
6977481
6976731
6973865
6973739
6973716
6971283
6970865
6970398
6969967
6969397
6968854
6968803
6968254
6967631
6965699
6963494
6962267
6961560
6961343
6961206
6960242
6959604
6958458
6958161
6957890
6955879
6955744
6955321
6954889
6950323
6949688
6949153
6948729
6947897
6947656
6947062
6945974
6944816
6941043
6940223
6939774
6939181
6938741
6936839
6935838
6935597
6935544
6935005
6934608
6932935
6931229
6930485
6928961
6928689
6928061
6927989
6923521
6918069
6917119
6916660
6915965
6915339
6914277
6913929
6913911
6913376
6913370
6912545
6912311
6911838
6911448
6909726
6908756
6908371
6907056
6905753
6902991
6902792
6899996
6899503
6899453
6899268
6899061
6897837
6893656
6892944
6891223
6891176
6890501
6890365
6889164
6887756
6887476
6885590
6882451
6879695
6879527
6879244
6878510
6877555
6877034
6876483
6875270
6872985
6871794
6871445
6871238
6869945
6868965
6868627
6868519
6867509
6866680
6866279
6866266
6865915
6863962
6862898
6861665
6861190
6859029
6858474
6856924
6856647
6856451
6852572
6852179
6850331
6846758
6846394
6845716
6843686
6841148
6840795
6840243
6839650
6839387
6839338
6837975
6837889
6836448
6835953
6835076
6834154
6833018
6832494
6831826
6831260
6829303
6829134
6828035
6827140
6824265
6824168
6824064
6821506
6821379
6814920
6814636
6814469
6813272
6810850
6810008
6807608
6807428
6805947
6805669
6805299
6805030
6804904
6804734
6804127
6803390
6803038
6802811
6799900
6799830
6798861
6797827
6794828
6793032
6792956
6791574
6791285
6790040
6788695
6787898
6787714
6787615
6786467
6785708
6785084
6784179
6783222
6783011
6781657
6780283
6779489
6778418
6777673
6776506
6776207
6775588
6771798
6771086
6770862
6770227
6766894
6766634
6764756
6763415
6763184
6763077
6761677
6760664
6760116
6759863
6758907
6758600
6758303
6757391
6752909
6752649
6751765
6751672
6750218
6750074
6744546
6743617
6743278
6743229
6742738
6742120
6741776
6740463
6740155
6739629
6738350
6738066
6735864
6734021
6731500
6730761
6730725
6728922
6727361
6726632
6725573
6723970
6723896
6723554
6722433
6720966
6717724
6717478
6716884
6716474
6715262
6714980
6714196
6713068
6712635
6709943
6709690
6708955
6706732
6706274
6705947
6705881
6705705
6705499
6704123
6703795
6702965
6700711
6700146
6699922
6699373
6699297
6698115
6697379
6696624
6696405
6696028
6695271
6694951
6691908
6691409
6690393
6688554
6687186
6685790
6685387
6685232
6683907
6683023
6680188
6679505
6678789
6677381
6675264
6674493
6674377
6673357
6672700
6670574
6669409
6666332
6665754
6661491
6661370
6660620
6659634
6658225
6658139
6657439
6656739
6656523
6654844
6652662
6652070
6651627
6651191
6648981
6647861
6646316
6646064
6645599
6645584
6640076
6637732
6637095
6636591
6636369
6636039
6635266
6634906
6634183
6632217
6630387
6630107
6628735
6627610
6624998
6623828
6620099
6617787
6617095
6616787
6615244
6614615
6614408
6612513
6610156
6608934
6608727
6607212
6607030
6607023
6605945
6605433
6603547
6601381
6600206
6598883
6598305
6597576
6597169
6596181
6591915
6590603
6588919
6588509
6587584
6586809
6586146
6585220
6584969
6584901
6584838
6583912
6583244
6582637
6581416
6580646
6579784
6579672
6578995
6578838
6578737
6576662
6576613
6574709
6574406
6573036
6571961
6571281
6571059
6568318
6568156
6565736
6564195
6562757
6562592
6561487
6561368
6560139
6559470
6558621
6558171
6558012
6553703
6552762
6552540
6552151
6550224
6550050
6548147
6547400
6546178
6543725
6543096
6543053
6539957
6539716
6538923
6537568
6536736
6534945
6534579
6534306
6532534
6532488
6531935
6529713
6529206
6528539
6527692
6523637
6523416
6521117
6520514
6519997
6518264
6517949
6517944
6516756
6516744
6516242
6515480
6515247
6514349
6511816
6511346
6509138
6507515
6506438
6501914
6501757
6496724
6492738
6492701
6489843
6489431
6488645
6487525
6486356
6484454
6484433
6484289
6482117
6481658
6480370
6479578
6479377
6478673
6478056
6476776
6475712
6473960
6470565
6469663
6467448
6466444
6465825
6465056
6463699
6463013
6462601
6462366
6462108
6461603
6460879
6457840
6455512
6455269
6454901
6454335
6453712
6452341
6451443
6450241
6447944
6446561
6446243
6445441
6443870
6443689
6442251
6440954
6440568
6439841
6436684
6434016
6433476
6433053
6432995
6432776
6432050
6430861
6430286
6430139
6429760
6429316
6428617
6427714
6426738
6426404
6424846
6422199
6421870
6421483
6418672
6418489
6417553
6417466
6415929
6415139
6414549
6414145
6413747
6413421
6412714
6412165
6411077
6409877
6409425
6408042
6407173
6406442
6405563
6402001
6400225
6399883
6396903
6396613
6396165
6395217
6393762
6392851
6392807
6392551
6392367
6391839
6386397
6386261
6386078
6385937
6385552
6385498
6385418
6383977
6382611
6380473
6378983
6376887
6376865
6376173
6375981
6375414
6374839
6374629
6372671
6372224
6371966
6368754
6368489
6366662
6366528
6365541
6363546
6363530
6362799
6361533
6361456
6361200
6355539
6354774
6353590
6353505
6353432
6353049
6352034
6349095
6344633
6343508
6343290
6343280
6343188
6342886
6342735
6341373
6340510
6340434
6340431
6339956
6339271
6339007
6336593
6336000
6335275
6334736
6333978
6333339
6331697
6331664
6331491
6331481
6330764
6328667
6327448
6326839
6323265
6323079
6322996
6322746
6321776
6321364
6320070
6319431
6318689
6318157
6317897
6316864
6316048
6314814
6314797
6314314
6313985
6312821
6309812
6309086
6309040
6308981
6308916
6307693
6306638
6306034
6305750
6305259
6304928
6303846
6302959
6302141
6302098
6301664
6299334
6298285
6296508
6295611
6293886
6292707
6291262
6290257
6288974
6288147
6286748
6285616
6285469
6283619
6283401
6281620
6281597
6279717
6279656
6278256
6277211
6276977
6276658
6276212
6275012
6274727
6273286
6273159
6271859
6271091
6270302
6269957
6269268
6268143
6267349
6267293
6267074
6266194
6264427
6262929
6261603
6261532
6261126
6260544
6259564
6258156
6256672
6255111
6254986
6254301
6253545
6253524
6253409
6252486
6251694
6248315
6247908
6247486
6247360
6247262
6247115
6244789
6244337
6241933
6240176
6240145
6238715
6235608
6235114
6232702
6228603
6227978
6227016
6226039
6225642
6223847
6223115
6222476
6222171
6221741
6221148
6220445
6218123
6217463
6217337
6216761
6216119
6215299
6215132
6214152
6213847
6212546
6211758
6209389
6208349
6207576
6206891
6205818
6205520
6204691
6202318
6201919
6201494
6201385
6200583
6200248
6199271
6196724
6196553
6195748
6195305
6195288
6193181
6192888
6192120
6190961
6190453
6189089
6188465
6187408
6183608
6181960
6179339
6178091
6176345
6176294
6175504
6174972
6174709
6173658
6173497
6173358
6171984
6171923
6168988
6167456
6167024
6166052
6164350
6163589
6162979
6160533
6160387
6160286
6159880
6159364
6159173
6158767
6157104
6156732
6156455
6156280
6156151
6155910
6153757
6153217
6150977
6149139
6147082
6145826
6144652
6144435
6143988
6143547
6143451
6141970
6138951
6138640
6138281
6137830
6136721
6135812
6133526
6133055
6132533
6132183
6130617
6130518
6129529
6129346
6127524
6127265
6122412
6122072
6121871
6121556
6120553
6113394
6112629
6112153
6111964
6111673
6110879
6110694
6110302
6107983
6107876
6106937
6106669
6103030
6102863
6101758
6100871
6100178
6096362
6095618
6095543
6095259
6094679
6093711
6093117
6090164
6089844
6089509
6089271
6087750
6087454
6085477
6084421
6083946
6083666
6083650
6083645
6082789
6081771
6081244
6079070
6078900
6074851
6072801
6072530
6069850
6069720
6068524
6067487
6066947
6065679
6065525
6062691
6062499
6062263
6060438
6058558
6056283
6055724
6053971
6053926
6051893
6051334
6051286
6051196
6048872
6048630
6046817
6045079
6043820
6041786
6040741
6040500
6039253
6039019
6038436
6033878
6033605
6030099
6028222
6028203
6026967
6026606
6026115
6025159
6024642
6024296
6022558
6019682
6019590
6019524
6019039
6017071
6015864
6014043
6013312
6012687
6011982
6009734
6008737
6006796
6006024
6004808
6003779
6003598
6001672
6000693
5999738
5998570
5998085
5995619
5995241
5994862
5994678
5994437
5993968
5990738
5990730
5990261
5988994
5988895
5988161
5987730
5986549
5981504
5980068
5979348
5976988
5975330
5973865
5973827
5972628
5971351
5970534
5969425
5967651
5967004
5966632
5965086
5962961
5962944
5961292
5960076
5957176
5955770
5955314
5954881
5954870
5954866
5953231
5953173
5952495
5950693
5949029
5948753
5947711
5946746
5945573
5942243
5940891
5939788
5939787
5939381
5938316
5938063
5937817
5937626
5935475
5932364
5930996
5930587
5924880
5924636
5924176
5921202
5920870
5920751
5919171
5918790
5918713
5918274
5917490
5916683
5916072
5915600
5912673
5911823
5909563
5909528
5908210
5905156
5904489
5904124
5900978
5900732
5899601
5898633
5898213
5898101
5897392
5897045
5895969
5895740
5895477
5895470
5894175
5892546
5892495
5891400
5890967
5890476
5890175
5890029
5886887
5886393
5885948
5885115
5883410
5879842
5879262
5878794
5876347
5874558
5873849
5873675
5873101
5872289
5872183
5871465
5871351
5869970
5869018
5868437
5867771
5867314
5866554
5865377
5864858
5860559
5860300
5859157
5859035
5858862
5858521
5857995
5857251
5857068
5856013
5851608
5851595
5849844
5849446
5848218
5846571
5843880
5841937
5840125
5838112
5836448
5834021
5833581
5833014
5831349
5830300
5830027
5829529
5829392
5828907
5827684
5827220
5825104
5825018
5823675
5823229
5823024
5822489
5821884
5818254
5817461
5815936
5815426
5814992
5814968
5814346
5813658
5813541
5812226
5811442
5811007
5810189
5809726
5807330
5804849
5802686
5801042
5799970
5799489
5799302
5798826
5797531
5797262
5794171
5794162
5793334
5792790
5791211
5791003
5790922
5787647
5784164
5783804
5783359
5781965
5781578
5781121
5780732
5780300
5779617
5779571
5779049
5778734
5777766
5777236
5777231
5775682
5775446
5775386
5773900
5773761
5772481
5771611
5769295
5769256
5769080
5766389
5765133
5764516
5764306
5762925
5762627
5760553
5760211
5760118
5758078
5757820
5757658
5756805
5756047
5755881
5753584
5753509
5753097
5749315
5747891
5746084
5744551
5744250
5744142
5743708
5743641
5741790
5741604
5741433
5741190
5741097
5740600
5740263
5735985
5734121
5732042
5728975
5728745
5725685
5724587
5724428
5724407
5723065
5718732
5714717
5711848
5711726
5711377
5711057
5709299
5707313
5707235
5705109
5701075
5698940
5695938
5695571
5695435
5694697
5694443
5693166
5690552
5690464
5689306
5689269
5687648
5685500
5685204
5683466
5682034
5679910
5679247
5679170
5676391
5676286
5674960
5674373
5674135
5673312
5672845
5672572
5671383
5670004
5668110
5667914
5667014
5664965
5664800
5663321
5662976
5660775
5659891
5659497
5657044
5656810
5655484
5654069
5654036
5653963
5651806
5651058
5649701
5649369
5649171
5647849
5647311
5644337
5643809
5643192
5643143
5642759
5640477
5640302
5636745
5636309
5635852
5635489
5635461
5633158
5631504
5631241
5630654
5630540
5629819
5629485
5628104
5625529
5625431
5623692
5622636
5621763
5621636
5621612
5621163
5619028
5618972
5617081
5615027
5614462
5613761
5610251
5610207
5610068
5609196
5608858
5608417
5608236
5604820
5604205
5603959
5603934
5603874
5602974
5602738
5602023
5600899
5600777
5599839
5597999
5597471
5594741
5594383
5589054
5588612
5588413
5587793
5585773
5580322
5578548
5578288
5578154
5577779
5577650
5575309
5575128
5575106
5573516
5571769
5568146
5568098
5567391
5563213
5563032
5556518
5555956
5554511
5553927
5552215
5551247
5551019
5548505
5547667
5543197
5542491
5541034
5535169
5534958
5534815
5533827
5531008
5529911
5529407
5528602
5528473
5527981
5526671
5525866
5525059
5521825
5521519
5520147
5519258
5514763
5514335
5512017
5511548
5511272
5510879
5509653
5509411
5509343
5508500
5507883
5507397
5507269
5507015
5506919
5506810
5506651
5505568
5503574
5502099
5501453
5499450
5498554
5496980
5495183
5495181
5495072
5490579
5488093
5485860
5484248
5483087
5482901
5482831
5482467
5480642
5480582
5480199
5479889
5479245
5476849
5476090
5474959
5474284
5472870
5470882
5470199
5468876
5467850
5467840
5467833
5467404
5467225
5462803
5458759
5457082
5456305
5456209
5455274
5455123
5452407
5451496
5451240
5450823
5449412
5448859
5447942
5447750
5447013
5446919
5446283
5445588
5445043
5444240
5443852
5443622
5443179
5442956
5440875
5437973
5437904
5437109
5436781
5435738
5432488
5430479
5427979
5427150
5426920
5425953
5425291
5424900
5424739
5423244
5421977
5421848
5421500
5420591
5420075
5417737
5417675
5417264
5415791
5415348
5415195
5414409
5413226
5412105
5410875
5410755
5410190
5408809
5407412
5406937
5405765
5404967
5404231
5403797
5403574
5403313
5403229
5402921
5399583
5398149
5398054
5396814
5396105
5394379
5393220
5392658
5391879
5387738
5386862
5383327
5382807
5382514
5381963
5381933
5379517
5376373
5376072
5374916
5373184
5373175
5370528
5369970
5369743
5369081
5368929
5366184
5366059
5364754
5362073
5361707
5361125
5358922
5357970
5356609
5356062
5355067
5354596
5352583
5352163
5352049
5351650
5349270
5348571
5348393
5345922
5345200
5344035
5343476
5342581
5341636
5339768
5339248
5338009
5335861
5335560
5334870
5334394
5334334
5334094
5332473
5330805
5330152
5329788
5329053
5327352
5327037
5326812
5326137
5324102
5321902
5320397
5316083
5313924
5310278
5308214
5307041
5306685
5306555
5306240
5304530
5304387
5304288
5303584
5302662
5300728
5298582
5297357
5297022
5295968
5293689
5293139
5291425
5291269
5290779
5290704
5288312
5286631
5286573
5286266
5285853
5285659
5285125
5282231
5281858
5280424
5278670
5278447
5276881
5275456
5274515
5273456
5272958
5272904
5270693
5270604
5270309
5269203
5268683
5267930
5267635
5261995
5261228
5259274
5258653
5257795
5253958
5252745
5251808
5250279
5249589
5248904
5248514
5248409
5247406
5247035
5246317
5241697
5240647
5240344
5238832
5237962
5235430
5233780
5233742
5233223
5233058
5232311
5230145
5228308
5226990
5225866
5225777
5224964
5224707
5224097
5224070
5223612
5223580
5222681
5222439
5222399
5221500
5221117
5220990
5220545
5219815
5219544
5219479
5217591
5216314
5215930
5215225
5214818
5213843
5213434
5213208
5212754
5212005
5211515
5210783
5210741
5210613
5209312
5208348
5208326
5208290
5208179
5207943
5207613
5204860
5200913
5199510
5199287
5198087
5197946
5197920
5197912
5197077
5196302
5192713
5191641
5190796
5190167
5189283
5188973
5188237
5188198
5187658
5187011
5186311
5181455
5181200
5181053
5180514
5179716
5179253
5179232
5178018
5177625
5170745
5169522
5166059
5166032
5164148
5163986
5161782
5161728
5160756
5159143
5158604
5157076
5156318
5156244
5154394
5154259
5154145
5152498
5151885
5151002
5150677
5149802
5149676
5149405
5149015
5146220
5144652
5143246
5141730
5139979
5139805
5139103
5137936
5137471
5135176
5134388
5133713
5133578
5132280
5132101
5131216
5131174
5130433
5129868
5128533
5127906
5125982
5125904
5124412
5124402
5124263
5123987
5121279
5121274
5120321
5116333
5113082
5111856
5111558
5109893
5109282
5108498
5106769
5106185
5105989
5105699
5102854
5102597
5102518
5102107
5101731
5100614
5098136
5096797
5096776
5095539
5095190
5095083
5094741
5094026
5094006
5090109
5089973
5088557
5087992
5087243
5084381
5083738
5082590
5081041
5079859
5079745
5079731
5079604
5077352
5076760
5075873
5075590
5074660
5072401
5071901
5071538
5068367
5067605
5067252
5066683
5066306
5064813
5064738
5064344
5064271
5063577
5062951
5062525
5062521
5060417
5059204
5059143
5058014
5057752
5057382
5057295
5057210
5056560
5055408
5053051
5052930
5051655
5049682
5048963
5048879
5043690
5043534
5042869
5042480
5042360
5041221
5039045
5037955
5037803
5036008
5035721
5035067
5031828
5031448
5030927
5030595
5030446
5030248
5029610
5029520
5028086
5027862
5027822
5027586
5025640
5025307
5024965
5024881
5024727
5024680
5024621
5023399
5020760
5019563
5018371
5017405
5016662
5015543
5012910
5012180
5010810
5010129
5009378
5004498
5004066
5003904
5002886
5002781
5000112
4999652
4998299
4997037
4993553
4993031
4992162
4988834
4988086
4987996
4987487
4985708
4981449
4980752
4980705
4978661
4978305
4975111
4974270
4974226
4973780
4973339
4973259
4973182
4972399
4972147
4969881
4969496
4965331
4965136
4962949
4962416
4962230
4959756
4958774
4957973
4957668
4957492
4957020
4956039
4954727
4952519
4948096
4946785
4945806
4945236
4944729
4944078
4944066
4943919
4942527
4942500
4942320
4941708
4941691
4939397
4938698
4936224
4936169
4936012
4933887
4933559
4931853
4930187
4928400
4927669
4926146
4925912
4925871
4925341
4921842
4916958
4914857
4912006
4910849
4909448
4909090
4907195
4906386
4905062
4904771
4903867
4903048
4901397
4901220
4899805
4898272
4897832
4897584
4897547
4897347
4896938
4896485
4895897
4894165
4893441
4892707
4891721
4891648
4891336
4889847
4885508
4885480
4883648
4883369
4881981
4881901
4881898
4880096
4878352
4878213
4876230
4875866
4875181
4875037
4874887
4874398
4874335
4873934
4873086
4872459
4870985
4869516
4867240
4865471
4863743
4863160
4862550
4862274
4861729
4861643
4860905
4860451
4854379
4853971
4853455
4852245
4851766
4848435
4846901
4846056
4845944
4843272
4843215
4842606
4841335
4840859
4838103
4837158
4836835
4835786
4835642
4834554
4833462
4833069
4831653
4830174
4829401
4829219
4829163
4827835
4827771
4827202
4825991
4825123
4823856
4822665
4821273
4821035
4820598
4819888
4818459
4818266
4817802
4816745
4816038
4815797
4813205
4812882
4809583
4808200
4807972
4807034
4804153
4802150
4801357
4800816
4800505
4800377
4799502
4798553
4798469
4797752
4796474
4795927
4793218
4792800
4790950
4789614
4787895
4787393
4786677
4786159
4785499
4784524
4784439
4783954
4783712
4782167
4781088
4780766
4780339
4778874
4778744
4777021
4776473
4774126
4773916
4772937
4772800
4771844
4765909
4765751
4765164
4764833
4763125
4760823
4760393
4759751
4758561
4758305
4756464
4756006
4755596
4754906
4754467
4753515
4753173
4748866
4748457
4747917
4745341
4744207
4741751
4741488
4739494
4737044
4736169
4735643
4733803
4731534
4730113
4729459
4728693
4728587
4728449
4727653
4726702
4723973
4723501
4721570
4719470
4719465
4717740
4716949
4715499
4715154
4713143
4712787
4710853
4710472
4706428
4704708
4703832
4701372
4701290
4700350
4700165
4695841
4694937
4693939
4693645
4691409
4691287
4691088
4691005
4690492
4688542
4688005
4687400
4687379
4685380
4683201
4682998
4680896
4679896
4679807
4679565
4677027
4676403
4674247
4673000
4671664
4671076
4670426
4669994
4668615
4668224
4666810
4665507
4665458
4665368
4665177
4665019
4664732
4664429
4664002
4661612
4661294
4660436
4659483
4658759
4657584
4656487
4656460
4654983
4654821
4654554
4653026
4651717
4650718
4646345
4641482
4640177
4639593
4639086
4638969
4636286
4635322
4634948
4634174
4633028
4632558
4630112
4629150
4628879
4628407
4628227
4628033
4627444
4626937
4626274
4626237
4625633
4625029
4624605
4621784
4621547
4619947
4618860
4618221
4617970
4616908
4615789
4615683
4614511
4613954
4612458
4611728
4611372
4611252
4609700
4608772
4603455
4603264
4601510
4600901
4598978
4598939
4598694
4598260
4598179
4597383
4596810
4594879
4594827
4593690
4593586
4592853
4592436
4592399
4590214
4589705
4589139
4588706
4587084
4586969
4586112
4585711
4585657
4584058
4581203
4581118
4581002
4581000
4580397
4580316
4578809
4577834
4577261
4576961
4576694
4576624
4576424
4575816
4574479
4573428
4573067
4570269
4569611
4569328
4569014
4568635
4568280
4567796
4566756
4566362
4565073
4565056
4564533
4563608
4561737
4561200
4560514
4560143
4559836
4559018
4558716
4558469
4557890
4557819
4555427
4553515
4552786
4552340
4549876
4549567
4549139
4549106
4548391
4548024
4547952
4545573
4545093
4543987
4543854
4543558
4540362
4538611
4537197
4535933
4535535
4533160
4532545
4531589
4531029
4530253
4529970
4529622
4529598
4529043
4525347
4525250
4524460
4524421
4522690
4522414
4521621
4520128
4519335
4518570
4516192
4515855
4514882
4514561
4514036
4513642
4513456
4511949
4511499
4510214
4509164
4507564
4507345
4507116
4505680
4504057
4502506
4502261
4500704
4500354
4499619
4499551
4499242
4496375
4495917
4495508
4494790
4494357
4493910
4491850
4491379
4491113
4490608
4490415
4490324
4489691
4489387
4487968
4487663
4486173
4485789
4485685
4484534
4483964
4483195
4482562
4482123
4481081
4478819
4478155
4477213
4477042
4476366
4475897
4475888
4468155
4467341
4466614
4466186
4466141
4466114
4464463
4463495
4462692
4461873
4461375
4460348
4460153
4459789
4457985
4456942
4455692
4453456
4453102
4453021
4452818
4452398
4452386
4451762
4449814
4448425
4447328
4445397
4445079
4444397
4442606
4442508
4440004
4439760
4439074
4438455
4435595
4431668
4431455
4430530
4430338
4430125
4427498
4427228
4426452
4425136
4421502
4419667
4415481
4415210
4409980
4407206
4406856
4404166
4403852
4403610
4401580
4401512
4401387
4396362
4396340
4395624
4395359
4390930
4390154
4390143
4389984
4389918
4389113
4388904
4388667
4386686
4385804
4384740
4384555
4384006
4383541
4383308
4382304
4380678
4380618
4378298
4376980
4376370
4374782
4374103
4373672
4372522
4372386
4372114
4371909
4370365
4369399
4368590
4368188
4368129
4367040
4365881
4365368
4363678
4363154
4362972
4362967
4359530
4357386
4356895
4356703
4356342
4355854
4355548
4354478
4354032
4351415
4351200
4350853
4349771
4349424
4349024
4348370
4348215
4347233
4346583
4345862
4345812
4344861
4342566
4341586
4338008
4336898
4334174
4334021
4333572
4333571
4331672
4331644
4330793
4330300
4327178
4325687
4324046
4320743
4318221
4317232
4316911
4316701
4315173
4314094
4313321
4312962
4311634
4311081
4310095
4309033
4308939
4308089
4307673
4307343
4307014
4306635
4303619
4303421
4301529
4300345
4299600
4299565
4298106
4297966
4296241
4295376
4293984
4292227
4291872
4291036
4290095
4289566
4289307
4286595
4286550
4285667
4284833
4284729
4283514
4281956
4281830
4279449
4278628
4274750
4273334
4273044
4270624
4270062
4269393
4268906
4265716
4265400
4264951
4264948
4260482
4260014
4257030
4255949
4255590
4254715
4254161
4253813
4252658
4251973
4251000
4249780
4249763
4249360
4248597
4248263
4243204
4241339
4240940
4240807
4240739
4240677
4239551
4239072
4235691
4235118
4232774
4231543
4230020
4229668
4228612
4228566
4226442
4226239
4224613
4223288
4222317
4222233
4221730
4219590
4219184
4218597
4217159
4216122
4214843
4214682
4214374
4214002
4208566
4208071
4207399
4205978
4205459
4205289
4204950
4204854
4204136
4202112
4201972
4201652
4201343
4198853
4198744
4198106
4197610
4197033
4196357
4196323
4195463
4194680
4193434
4193037
4192259
4191511
4191496
4191262
4191104
4190023
4189769
4189650
4189339
4185369
4185163
4184851
4183250
4182594
4181947
4180631
4178841
4178417
4177921
4177516
4177278
4176472
4175473
4175367
4175131
4175001
4174246
4173580
4173241
4171353
4170496
4170369
4167240
4167016
4166952
4166332
4165995
4165644
4164841
4161893
4161756
4160830
4160589
4160466
4160453
4158967
4158801
4158123
4157445
4157143
4156438
4155696
4150909
4150453
4149220
4148932
4148140
4146236
4145415
4144336
4142625
4142042
4141026
4140672
4140427
4140020
4139888
4137362
4136672
4136600
4135620
4134474
4132880
4132116
4131504
4131040
4130906
4129273
4128345
4127805
4127022
4123086
4122488
4121911
4121638
4120130
4120098
4119783
4119280
4118317
4116901
4115114
4114584
4113968
4113322
4111021
4109897
4109723
4108048
4107803
4107114
4106845
4106324
4105645
4104588
4103372
4102881
4101501
4101256
4101186
4100559
4100330
4100027
4098369
4098124
4097793
4097023
4095482
4094615
4094578
4092949
4090127
4089950
4087790
4086468
4085406
4085169
4084269
4082881
4082080
4081427
4080570
4076821
4076741
4076065
4075772
4074753
4072547
4071493
4070226
4069570
4069075
4069022
4068164
4065772
4064866
4061116
4059801
4059662
4059351
4059111
4058141
4057813
4057694
4056988
4055968
4055394
4053304
4052334
4052327
4051551
4049716
4049556
4048050
4047218
4046449
4045869
4044439
4044161
4043533
4043166
4039784
4039591
4036496
4036471
4035973
4034966
4034823
4034686
4034462
4033861
4033850
4033692
4027866
4027386
4026500
4026191
4025453
4025218
4023153
4023093
4022252
4022004
4020958
4020772
4019351
4018837
4018537
4016290
4014027
4013928
4012672
4012106
4009858
4009242
4008772
4007387
4006998
4006761
4003375
4001741
4000466
3999705
3999519
3998353
3997817
3996673
3996229
3996162
3994170
3993336
3990810
3987718
3985557
3984342
3984066
3982263
3981919
3981137
3980820
3980389
3980046
3977475
3977304
3977061
3976415
3976232
3974800
3974432
3974159
3973843
3973708
3973702
3973549
3973415
3972387
3971721
3971600
3970079
3966785
3966538
3965611
3965012
3962491
3960866
3959406
3957762
3956063
3956029
3955677
3955206
3954272
3953989
3953203
3953075
3952872
3952669
3952552
3950630
3949915
3947922
3947400
3944703
3943827
3943087
3941961
3940153
3939555
3939425
3938159
3937941
3937805
3936658
3934737
3934382
3931646
3931225
3928831
3928340
3927532
3927112
3925934
3921576
3921483
3920262
3918762
3918432
3918322
3918199
3917859
3917397
3914886
3913940
3913183
3910731
3910553
3908522
3905698
3903493
3903439
3903419
3903155
3901093
3900652
3900639
3899931
3899487
3897833
3897680
3897462
3894704
3893929
3893660
3889859
3886337
3884937
3884928
3884716
3884086
3883903
3883844
3883556
3883520
3883367
3883353
3883326
3881977
3881770
3881596
3881052
3879254
3879222
3877691
3876547
3875700
3875191
3869842
3869209
3869101
3869008
3868265
3866969
3863850
3862609
3862166
3861797
3861642
3860528
3860088
3859327
3857726
3857217
3854055
3852575
3852353
3852065
3851957
3851776
3851569
3849806
3848521
3847674
3847473
3846499
3846117
3845005
3842953
3842645
3841749
3840037
3839782
3839157
3838630
3835306
3833644
3832988
3831952
3831886
3831435
3830363
3829006
3826893
3826414
3824011
3822120
3821973
3820401
3819507
3818083
3817858
3817747
3817740
3815998
3814733
3811351
3810186
3808375
3805270
3805054
3804842
3804756
3804680
3803354
3802131
3799247
3798050
3797747
3796181
3796017
3795768
3793989
3793885
3791765
3791004
3790707
3790654
3790531
3788284
3784602
3782860
3782551
3781441
3779152
3774998
3774699
3774049
3773010
3771863
3770761
3770003
3769500
3768105
3767961
3767736
3767430
3766203
3765079
3763704
3762093
3761891
3759301
3759096
3759082
3757091
3756463
3754026
3752827
3752350
3752204
3752052
3751994
3751147
3751085
3750606
3750025
3748501
3748264
3745024
3742831
3742786
3742086
3741632
3741155
3740934
3740552
3740411
3738263
3738251
3737761
3737072
3736860
3733958
3732180
3728910
3727214
3726594
3725288
3724103
3723984
3723552
3722760
3721235
3721082
3721031
3720669
3718488
3717897
3716975
3716662
3715144
3715089
3712610
3710827
3710560
3709304
3709152
3707627
3705887
3705375
3704746
3704610
3702288
3701333
3700612
3700433
3697100
3696174
3695568
3694991
3692271
3692262
3691335
3691230
3690792
3690222
3690218
3689816
3689238
3688926
3688283
3688265
3688234
3687783
3685325
3684344
3679440
3679384
3679377
3679087
3677314
3677120
3676078
3674256
3674245
3674049
3673964
3671940
3671909
3671746
3671693
3671363
3671329
3671300
3668109
3667933
3667553
3665794
3664165
3664060
3662233
3662227
3662175
3661088
3660774
3655277
3654891
3653123
3652123
3652063
3651703
3651355
3649707
3649691
3649434
3647452
3646228
3646182
3644396
3643896
3643476
3641677
3641637
3641611
3641420
3641307
3638635
3638311
3637540
3634829
3632789
3631507
3631487
3630436
3629972
3629034
3628797
3628791
3627809
3625221
3623024
3622997
3622608
3622370
3619173
3618305
3617218
3616150
3615170
3613691
3612956
3612258
3610096
3608449
3605533
3602871
3602849
3601496
3600894
3600218
3599355
3596274
3596198
3594690
3594495
3593150
3593092
3591727
3590846
3589422
3589166
3588596
3588539
3587027
3586859
3585452
3584017
3581672
3580762
3580664
3580271
3579908
3579693
3578942
3578834
3577850
3577168
3575962
3574947
3573873
3573401
3572596
3572523
3571750
3571607
3571303
3568123
3567166
3567043
3561714
3561687
3559657
3559582
3559405
3559227
3558133
3557670
3557362
3556074
3556064
3555131
3554764
3552571
3552480
3549461
3548591
3547286
3546972
3546960
3546648
3545724
3542843
3542065
3541584
3541112
3540717
3540251
3539941
3537750
3537339
3536676
3536470
3536232
3535572
3535416
3533431
3530948
3528598
3527400
3526609
3525594
3523045
3520996
3516513
3516280
3514326
3514270
3514227
3512211
3511083
3510200
3508639
3506436
3505943
3503501
3500862
3499228
3499081
3498737
3498251
3497243
3496006
3495940
3494140
3493907
3493618
3493375
3491587
3491186
3490325
3488950
3488516
3487829
3486798
3486728
3486723
3485775
3485318
3484838
3484275
3483017
3482538
3482177
3481684
3481128
3477411
3476630
3475971
3475412
3472544
3470791
3468472
3467854
3466583
3464426
3463570
3463499
3462404
3462060
3461783
3461034
3460443
3460285
3459790
3459205
3458582
3457813
3457250
3454605
3453273
3453072
3452688
3447350
3447244
3444970
3444908
3444740
3443283
3442531
3438334
3438216
3437647
3436650
3434510
3432731
3431113
3430143
3429707
3429614
3427500
3427418
3426569
3424479
3424456
3424435
3422462
3419315
3419241
3418002
3417758
3417161
3416412
3414552
3413279
3412508
3412147
3410058
3409946
3409944
3409720
3409578
3407607
3406852
3406533
3406000
3404625
3404501
3403495
3403343
3402444
3400989
3398171
3397342
3396587
3395489
3393084
3391177
3390675
3390336
3387399
3386811
3383855
3383176
3382913
3381567
3381527
3380834
3380295
3377452
3376142
3372344
3372230
3371835
3370500
3368731
3367715
3366749
3365200
3364233
3363449
3363051
3361012
3356513
3355254
3355029
3354863
3354238
3352391
3349645
3347236
3347161
3347016
3346901
3345878
3345020
3344936
3343293
3342642
3342360
3342208
3339839
3337429
3335463
3335358
3335171
3334195
3333843
3333554
3329861
3328124
3326928
3326923
3326577
3325953
3324393
3324118
3323901
3322737
3322254
3321966
3320442
3319935
3318339
3317199
3315927
3315377
3314867
3313229
3311053
3310578
3309924
3308917
3308849
3308039
3305423
3303179
3300876
3300872
3300687
3300191
3300142
3298580
3298164
3297298
3293791
3293748
3292689
3291830
3290702
3289168
3288353
3288120
3285489
3283526
3282680
3280851
3280285
3279809
3279589
3278796
3278690
3278470
3277786
3276011
3275684
3274045
3268448
3268248
3268061
3266170
3263381
3262362
3259793
3257793
3255890
3253885
3253587
3252564
3251913
3251430
3251302
3251258
3245987
3245648
3243495
3239998
3239575
3239386
3238989
3236925
3236536
3236308
3236118
3233342
3232786
3232386
3230745
3230680
3228995
3224347
3222475
3221491
3221344
3221014
3220673
3220384
3219948
3218424
3218162
3217270
3216699
3216228
3216085
3215402
3215343
3214441
3212712
3211692
3210736
3208603
3207832
3207381
3206773
3206315
3203447
3201606
3200582
3199245
3197963
3197593
3196441
3195893
3194234
3193959
3193107
3193076
3192947
3192605
3191802
3191728
3191538
3189655
3189506
3189492
3187918
3185673
3185226
3184460
3184277
3183375
3183262
3182355
3182159
3181385
3179505
3178734
3178417
3178293
3176958
3175878
3174084
3173963
3173362
3172885
3172514
3170933
3170380
3169061
3168363
3167586
3167339
3165463
3162386
3160209
3159701
3158405
3158277
3157794
3157680
3157493
3156067
3154629
3154443
3153526
3152780
3149500
3149042
3148273
3147784
3147453
3146400
3146137
3145449
3145298
3141443
3139320
3138742
3137176
3136655
3135138
3135108
3134827
3133397
3133395
3131466
3130856
3130838
3129725
3129509
3129338
3128134
3125681
3124409
3124135
3122687
3121463
3121095
3120540
3119352
3118816
3118472
3116594
3114074
3113745
3113582
3112931
3112083
3110953
3110825
3110370
3109941
3108565
3107587
3104501
3104156
3103896
3103312
3102214
3101740
3099922
3099753
3099416
3097644
3096317
3095773
3095312
3094729
3094038
3093589
3092828
3092655
3092213
3091554
3090144
3089805
3089470
3087755
3087169
3085191
3085168
3081199
3080290
3079311
3077041
3075384
3074520
3072580
3070227
3069778
3068951
3067462
3067072
3065953
3065696
3062848
3062747
3060738
3059705
3059467
3059166
3058817
3057909
3057260
3056515
3054837
3053455
3052353
3050609
3049552
3049040
3048955
3048481
3048366
3048282
3045808
3044887
3043702
3043124
3042346
3041989
3040904
3040635
3039914
3039104
3038450
3036504
3035400
3034350
3033420
3031685
3031363
3030598
3030158
3029932
3029505
3029264
3029219
3028879
3028578
3027959
3027958
3027651
3026346
3025817
3023429
3022198
3021006
3017724
3016875
3016769
3015560
3015163
3012748
3008228
3007742
3007634
3006671
3006165
3004226
3002902
3001698
3001519
3001198
3000593
3000576
2999309
2997744
2997342
2996734
2996199
2995711
2994931
2993993
2991321
2988479
2988401
2986110
2985743
2983978
2983039
2983018
2981918
2981165
2978404
2978185
2969799
2968371
2967871
2967846
2965871
2964831
2962528
2959708
2959260
2957974
2956707
2956069
2955866
2954854
2954588
2954481
2953317
2953232
2951573
2950098
2950076
2949111
2948427
2947923
2947627
2943966
2943915
2943607
2943250
2941775
2938807
2938741
2938673
2938117
2936779
2935225
2935134
2934925
2934772
2934031
2933861
2933677
2933478
2932203
2929681
2928544
2927870
2927378
2927255
2927099
2926144
2925108
2924738
2923838
2921930
2921684
2921297
2919219
2919072
2919070
2916875
2915486
2915460
2914518
2911449
2910919
2909028
2908217
2908188
2908181
2907156
2905930
2905419
2904678
2901945
2901654
2900596
2898999
2895749
2890708
2889932
2887914
2887418
2886418
2885811
2885784
2885644
2884698
2883648
2882442
2882322
2881021
2878592
2876650
2875860
2873163
2870938
2870569
2869104
2868374
2868206
2867371
2865413
2864116
2863905
2862690
2860895
2860750
2860036
2857824
2857524
2856710
2855234
2855145
2853235
2852910
2852785
2851371
2849869
2847506
2846127
2845921
2845355
2844818
2844747
2841683
2841397
2840753
2840639
2840171
2837529
2837238
2835271
2835144
2833710
2832746
2827823
2825893
2825718
2824621
2824226
2823172
2822334
2822064
2819805
2819378
2818569
2818212
2815530
2812563
2812544
2811611
2810194
2809692
2809657
2809452
2809413
2809222
2808744
2808459
2804586
2803618
2802974
2802644
2799705
2799378
2799324
2798402
2797279
2796509
2796361
2794678
2794650
2793675
2792984
2791165
2790295
2789877
2788387
2786983
2786550
2784676
2783437
2781892
2779826
2779505
2777189
2776467
2775503
2775458
2775068
2774836
2774826
2774089
2773616
2771583
2771229
2770271
2770269
2769609
2767719
2767684
2767296
2766232
2765899
2765417
2765110
2764816
2764751
2764671
2764558
2763561
2762520
2759725
2759272
2758562
2758408
2756178
2755773
2754518
2754323
2752694
2752393
2751262
2747559
2746168
2745418
2743771
2743653
2741649
2739480
2739280
2739234
2739065
2738855
2737673
2736290
2736117
2734889
2734513
2732750
2732374
2730308
2730284
2729074
2729006
2728496
2727063
2727011
2725619
2725027
2724424
2723654
2721562
2721311
2719995
2719408
2719192
2718799
2718332
2718230
2717672
2715824
2715764
2715428
2714861
2713699
2712121
2711682
2710598
2709539
2709216
2708537
2708094
2707677
2705461
2704326
2703820
2702908
2702335
2701734
2701503
2700882
2700201
2696892
2696748
2695762
2695724
2693467
2693145
2692972
2691628
2690854
2690309
2690219
2687872
2687537
2686439
2686127
2685871
2682424
2680053
2680010
2678538
2677737
2677542
2677472
2677375
2677276
2677066
2676608
2675177
2675080
2674238
2672285
2672160
2672101
2670016
2669976
2669414
2668823
2666569
2666428
2666072
2664102
2663258
2663113
2662741
2662580
2661801
2661137
2660486
2660103
2658380
2657465
2657307
2656614
2656471
2656163
2655725
2654606
2654027
2653303
2651973
2651814
2650903
2649157
2649089
2648873
2647010
2646988
2646199
2646130
2646032
2645428
2645199
2644522
2643177
2640750
2636009
2635759
2634495
2633485
2633257
2630635
2630269
2629795
2628857
2627873
2626697
2626603
2623288
2622735
2621884
2615995
2614696
2614520
2614335
2613608
2612761
2610811
2610652
2610498
2609776
2608974
2608693
2608533
2607163
2605716
2604758
2601327
2600356
2599272
2597166
2596336
2595558
2594618
2594564
2592886
2592414
2591813
2590488
2586366
2585747
2585196
2584594
2584116
2583905
2582519
2582262
2581666
2578693
2577635
2577293
2574909
2573715
2572530
2572529
2569912
2568945
2568334
2567538
2567127
2566425
2563081
2562971
2562392
2561889
2561712
2560573
2559405
2558569
2557822
2557685
2556541
2554568
2552485
2552010
2551870
2550798
2550783
2550416
2550139
2548919
2548729
2548248
2548027
2546564
2545498
2543026
2542185
2542122
2542062
2541865
2541708
2541544
2540943
2540762
2539458
2538490
2537650
2536670
2536294
2535527
2534839
2533562
2532416
2531633
2528579
2527983
2527900
2526613
2525058
2525017
2524848
2524185
2521494
2519954
2519298
2519170
2517018
2515789
2513275
2511759
2511518
2510365
2509615
2508784
2506426
2506150
2505911
2505848
2503651
2502742
2502163
2501139
2500411
2499805
2499177
2497802
2496414
2496139
2495465
2495192
2493312
2492375
2492130
2492102
2487683
2486029
2484939
2484795
2484768
2483639
2483134
2482805
2482523
2481271
2480578
2479848
2479126
2479083
2478903
2478783
2478618
2477843
2477357
2474813
2474812
2474682
2473669
2472072
2470965
2470670
2469858
2468402
2467798
2465992
2465491
2463677
2460284
2459929
2459318
2458835
2457746
2456447
2455304
2455198
2453570
2451415
2447499
2445275
2445269
2444658
2442962
2442409
2441426
2440181
2439950
2438608
2437990
2436918
2435795
2435599
2433645
2431710
2430207
2426960
2425683
2422810
2422810
2422747
2420176
2419764
2417249
2417179
2416988
2416376
2414437
2414270
2413692
2412958
2412463
2412272
2411439
2411376
2411090
2411036
2410607
2409641
2407509
2407301
2406646
2405838
2404821
2402816
2400487
2399991
2399592
2398944
2398260
2395520
2394671
2394316
2394170
2391585
2391468
2389309
2388945
2388828
2387916
2387114
2386393
2384537
2381897
2381732
2381622
2381365
2381057
2380492
2377472
2377330
2374670
2374416
2374247
2374144
2373568
2370064
2368356
2367358
2367137
2366956
2366934
2366757
2364863
2361906
2360461
2360230
2360165
2359829
2357618
2355779
2355524
2354473
2354012
2353550
2352984
2352570
2350829
2350733
2349063
2347765
2346524
2344572
2342163
2341561
2339192
2339047
2335889
2334914
2333255
2333251
2332575
2331754
2331042
2327649
2327546
2326502
2326336
2325526
2325369
2324760
2324091
2321945
2321859
2319617
2319549
2316729
2316557
2314644
2314206
2313372
2312285
2310149
2309912
2309832
2308188
2306234
2304817
2304465
2304163
2303384
2301969
2301424
2301381
2301082
2300403
2299880
2299767
2298511
2295872
2295259
2292137
2288591
2285792
2285122
2283720
2283624
2281993
2281609
2281176
2280961
2279714
2279076
2278192
2277151
2274818
2274026
2273860
2271985
2271968
2271848
2271214
2270537
2269631
2268961
2268796
2268301
2267867
2266927
2266923
2264640
2264542
2262645
2261817
2261257
2260611
2260237
2259512
2258222
2257354
2255009
2249966
2248727
2248585
2245689
2245545
2244114
2243450
2242799
2242488
2241899
2240802
2240668
2240286
2239277
2237046
2236772
2235538
2235321
2230776
2228927
2228452
2223405
2220958
2220503
2220102
2219587
2216885
2216147
2215977
2215442
2214356
2211709
2209993
2208059
2207860
2203358
2203142
2201281
2201020
2200876
2200618
2200256
2199304
2198344
2196557
2194217
2193188
2190208
2189778
2189475
2189470
2189106
2188174
2186691
2184920
2184501
2183147
2181665
2181350
2179640
2179212
2178228
2178090
2177746
2177097
2176253
2176249
2175416
2175403
2174306
2172752
2169580
2169452
2169268
2167235
2167015
2166166
2165214
2165070
2164783
2164087
2163783
2161927
2161429
2159216
2158892
2158160
2156791
2155742
2153788
2150886
2150289
2149975
2148754
2147034
2145337
2144189
2143144
2141857
2141690
2141670
2140856
2139844
2139012
2135007
2133640
2132412
2128731
2128331
2125953
2124695
2124053
2120616
2119205
2118736
2118216
2115567
2115105
2114765
2114345
2106109
2105568
2104259
2103761
2103409
2102934
2099834
2099762
2099737
2098698
2098460
2097351
2097313
2097296
2096458
2095155
2095115
2094505
2094413
2094058
2093909
2092490
2091635
2086499
2086468
2085516
2084096
2083824
2083656
2082267
2081351
2080498
2079493
2078469
2076220
2075915
2075894
2075203
2075182
2074631
2074409
2074173
2071053
2070106
2069487
2067715
2065473
2063306
2063300
2062838
2062155
2061675
2061651
2059896
2059892
2058961
2058765
2058669
2057475
2056702
2056696
2056540
2054966
2054158
2052022
2051719
2050397
2050290
2049187
2048234
2047786
2046656
2044994
2044075
2042623
2042541
2042533
2042341
2041861
2040301
2040079
2038943
2037951
2036569
2036050
2035313
2035278
2034954
2033924
2033816
2032958
2032324
2031756
2030726
2027040
2026658
2024996
2023941
2023626
2023300
2022023
2021967
2021403
2020848
2019663
2018327
2017968
2017024
2015175
2014395
2014190
2012935
2012700
2012581
2010697
2009235
2008539
2006786
2003686
2002980
2002509
2001644
2001537
2000845
1999248
1997873
1997058
1996960
1996773
1996534
1994768
1989000
1987226
1986975
1986881
1986312
1986123
1982240
1981556
1981538
1979915
1978941
1978677
1977786
1977507
1975585
1974874
1974218
1973887
1973780
1972690
1972433
1972142
1971965
1971645
1970495
1969084
1968603
1968425
1967267
1965038
1964733
1963804
1963619
1960704
1960021
1959092
1958145
1957929
1957628
1957249
1956769
1956450
1956396
1956217
1954776
1954195
1953648
1953081
1952428
1951915
1951631
1951321
1951075
1951067
1950179
1949009
1948715
1947452
1946910
1945031
1943977
1942858
1942792
1942589
1940585
1937094
1936478
1934584
1933244
1932568
1932100
1932062
1931634
1931312
1931191
1931052
1931046
1930759
1930182
1930137
1927971
1925860
1925215
1923130
1922124
1921290
1921231
1919722
1919558
1918831
1918423
1917782
1916827
1916704
1916614
1915891
1915873
1915745
1914577
1914526
1914376
1913487
1912861
1911601
1909058
1908208
1908076
1907907
1906926
1906234
1905050
1904740
1903531
1901428
1899244
1896048
1895566
1894670
1894357
1893372
1892267
1892153
1891342
1891047
1890293
1890045
1889875
1888874
1887013
1886601
1886497
1885840
1885412
1885107
1885070
1884263
1881422
1880375
1880146
1878805
1877102
1877090
1875389
1874175
1873765
1873407
1873101
1871965
1870292
1870251
1869536
1868923
1868473
1868048
1867159
1866933
1866439
1865828
1865751
1863968
1862501
1861452
1859851
1858776
1858174
1857549
1857169
1855573
1855468
1853724
1853548
1853431
1853282
1853202
1852806
1847966
1844862
1844619
1843190
1842104
1842006
1841854
1841474
1840891
1839542
1838921
1837728
1836988
1836137
1835661
1833198
1833076
1832533
1831833
1831749
1831549
1829927
1829780
1829587
1829516
1829177
1829075
1828359
1827103
1827076
1825335
1824541
1824494
1824070
1823733
1822395
1822171
1820171
1817976
1817710
1816284
1815417
1815417
1813384
1813330
1812866
1812217
1811761
1810564
1810509
1809502
1805377
1803147
1802691
1802608
1802533
1801415
1798251
1793259
1791130
1790862
1789904
1789557
1789080
1789028
1787945
1786779
1786457
1786331
1785593
1783726
1782076
1781903
1781677
1781557
1781546
1780664
1780102
1779745
1779444
1778724
1777883
1776922
1776820
1776759
1774064
1773217
1773144
1771622
1770992
1769118
1769024
1768749
1766529
1764908
1764245
1762249
1761722
1761262
1760887
1760674
1760559
1759776
1757741
1757730
1754391
1751656
1750570
1750437
1749727
1747962
1747857
1746706
1746601
1746014
1745141
1743995
1742097
1742081
1740230
1739642
1738555
1738174
1738064
1737850
1736691
1736219
1735744
1735033
1734881
1733953
1733694
1732249
1732068
1728918
1728473
1727740
1727065
1725377
1725373
1725237
1724783
1723863
1723807
1723496
1722527
1718206
1715830
1715363
1715084
1713815
1713607
1711768
1711146
1710824
1709273
1707475
1707292
1705946
1705007
1703451
1701775
1700469
1699999
1699240
1698555
1697388
1697196
1696128
1694430
1693295
1693108
1690634
1690533
1689646
1689291
1687172
1685999
1683657
1681137
1680380
1679701
1679424
1678068
1676811
1676714
1676446
1674734
1674180
1673103
1671583
1669010
1667391
1666646
1664672
1663815
1657830
1657200
1657077
1657027
1656916
1654013
1652949
1649356
1648677
1648633
1648324
1648186
1647375
1645307
1644982
1644318
1644219
1643148
1642700
1641884
1641123
1639632
1639413
1638913
1638635
1638516
1637530
1636902
1636621
1636524
1636108
1635791
1635378
1634778
1634013
1633910
1632057
1631721
1631637
1629617
1629076
1628757
1628447
1627848
1627223
1627164
1625059
1624818
1622255
1622068
1617557
1616367
1615994
1615354
1613926
1612945
1609482
1607973
1607355
1605523
1604910
1603460
1601030
1601006
1600701
1600638
1599638
1599227
1598861
1598066
1596567
1594983
1594137
1592718
1591841
1591737
1591148
1590385
1589880
1588372
1588301
1587977
1587500
1585625
1585359
1584636
1584508
1581885
1581183
1579115
1578678
1577923
1576636
1575604
1575349
1575089
1574328
1573820
1572601
1568738
1568401
1568368
1567363
1566535
1565581
1565229
1564964
1562185
1562108
1560440
1559992
1559401
1559361
1558151
1557226
1557143
1554972
1553840
1550545
1550186
1549745
1547436
1545763
1545234
1544533
1543458
1543081
1541430
1538546
1538420
1537374
1536915
1535353
1532346
1530390
1529417
1528137
1527804
1527698
1526848
1525646
1520993
1520798
1517566
1513032
1512617
1512582
1511982
1511822
1510281
1510237
1509024
1508028
1507490
1505477
1504454
1503198
1502321
1500419
1499967
1498838
1497648
1492746
1492542
1492060
1491679
1491061
1491020
1488556
1488165
1487971
1487246
1487173
1486611
1483981
1483109
1482941
1480550
1480059
1479349
1478454
1478215
1477705
1475881
1474506
1474170
1474072
1472382
1471834
1471833
1471040
1469226
1468469
1457792
1457245
1456718
1455840
1453678
1453228
1450523
1450010
1449882
1449274
1448866
1447987
1445733
1444738
1444662
1443397
1442764
1441138
1440117
1439921
1439682
1439593
1439317
1437688
1436369
1436134
1435443
1435154
1435043
1433901
1433185
1432697
1432180
1431944
1431928
1431720
1431719
1431403
1431116
1430838
1430503
1428921
1428519
1426937
1426724
1426011
1425704
1422923
1421958
1421805
1415446
1414816
1414469
1413832
1411953
1410785
1409380
1408442
1408311
1407496
1406945
1406497
1404710
1404485
1403676
1401962
1401879
1400630
1399801
1399775
1399135
1397621
1397495
1397316
1397185
1396617
1395283
1392484
1392405
1392340
1392156
1391021
1389801
1388157
1387660
1386359
1386276
1385715
1385556
1384396
1381959
1381826
1381098
1379973
1375033
1374498
1374289
1372620
1372404
1372099
1372007
1371953
1370151
1370127
1369894
1369541
1368907
1367492
1367009
1366190
1365603
1365200
1365016
1364364
1364204
1362089
1361490
1359931
1359354
1358204
1357629
1356181
1354365
1353402
1352594
1351472
1351315
1350408
1350114
1349676
1349601
1347349
1346242
1345394
1340720
1339083
1338668
1338483
1337221
1335188
1333662
1331858
1331170
1330703
1330616
1330506
1330249
1328938
1328771
1327872
1327565
1326874
1326552
1326455
1324294
1322388
1322138
1320779
1320243
1320023
1319092
1317809
1317760
1314423
1314126
1313556
1312305
1310841
1310442
1310121
1309605
1309229
1308547
1307014
1306369
1305429
1304620
1304054
1303136
1302771
1302020
1299388
1297154
1296245
1292940
1291944
1291334
1290262
1288078
1287256
1286895
1286509
1285345
1284583
1283271
1281367
1280073
1279474
1278550
1277276
1276618
1276496
1276359
1272618
1272591
1271751
1268136
1266948
1266072
1264062
1263188
1263181
1262022
1260648
1259155
1259085
1258776
1258241
1256945
1256176
1255681
1254797
1253622
1253076
1253043
1252451
1251071
1249887
1248875
1248086
1247955
1246151
1244639
1243970
1243351
1242046
1241326
1239859
1239505
1237653
1237095
1235160
1234454
1233918
1233169
1231960
1230663
1230086
1228835
1228285
1226547
1225891
1225058
1224270
1222773
1222125
1221447
1220779
1220456
1219175
1218315
1217364
1216878
1216349
1214690
1212926
1212175
1211429
1211351
1210352
1210030
1209344
1207675
1207177
1206018
1205427
1203752
1203289
1202740
1201375
1200781
1198400
1196741
1195441
1194902
1194700
1194386
1193369
1192833
1192760
1191251
1189593
1189524
1189370
1188185
1188134
1187666
1187310
1185994
1185766
1185409
1185274
1183058
1182270
1181341
1179743
1176677
1176402
1176330
1174053
1172626
1171053
1170294
1170279
1168150
1167859
1167805
1167185
1166746
1165788
1165350
1164377
1164186
1164038
1163470
1162409
1162210
1161558
1161374
1160038
1159625
1156295
1155674
1155624
1155577
1154638
1153135
1151737
1149431
1148699
1147675
1146860
1146668
1145203
1144764
1144483
1143909
1142570
1142013
1140896
1140784
1138879
1136543
1136228
1135936
1134429
1129029
1128001
1124481
1123831
1123760
1122767
1121011
1120751
1117724
1114699
1114281
1110291
1108783
1107870
1107842
1107028
1106802
1106763
1105708
1105178
1104417
1104087
1102085
1101728
1100420
1100083
1096623
1096338
1095024
1094760
1094525
1093674
1092659
1092628
1092519
1090735
1090586
1088977
1088706
1088559
1084203
1083113
1083032
1082090
1080838
1080288
1079233
1079095
1077526
1077500
1075369
1073521
1072985
1072311
1072238
1071735
1069673
1069006
1066925
1066807
1065838
1065625
1065615
1065490
1064552
1063982
1061158
1058318
1057861
1056949
1056498
1055454
1054590
1053581
1052543
1050395
1050127
1049741
1048216
1048033
1046952
1046945
1046672
1043931
1042841
1041231
1040977
1038995
1038583
1034999
1034794
1034734
1034176
1031461
1030272
1029235
1029138
1027846
1027337
1025804
1025709
1025525
1019360
1018421
1016082
1015641
1015200
1014677
1014142
1012913
1012103
1011362
1010308
1009660
1006504
1003371
1000611
999617
999305
997217
996689
996676
994915
993919
993340
993263
989776
989649
988530
987604
985839
985839
985191
985105
984575
983368
982802
982767
981989
981529
980574
979942
979696
979470
979414
978621
978321
978241
975130
974769
973268
973043
972708
971821
971278
968788
966155
964151
962367
961834
961018
960186
959423
958727
957832
955795
955674
953603
949602
949383
949067
948104
946413
946246
946011
942806
942262
941550
941391
941230
940974
938262
938051
937863
935717
933090
932453
931914
929244
929009
928731
928387
927977
926166
924437
922743
921594
921374
919093
918120
918053
917180
915795
915683
915593
915511
914511
912101
911779
911592
911410
908852
908578
906193
904837
903907
903267
903142
903047
901433
900513
899566
899325
898766
896717
896432
895343
894818
894115
892511
891363
889330
888066
887265
885455
883559
883184
882777
881962
881577
880638
880626
879306
878887
878141
876377
873377
872022
871575
871083
870748
869757
869060
869057
868859
868132
866793
866758
866461
864419
864306
863347
862398
862152
860786
858611
856798
856168
855171
855120
854092
853680
852735
852553
851821
850586
848872
848755
848633
847111
845950
845222
844758
844509
841477
841413
840004
839753
839228
836904
836699
836693
836609
835042
834970
834863
834523
834384
830122
828751
828603
828188
827902
826171
825287
824896
824422
822005
820791
820392
819380
818621
814463
813639
810115
808276
807364
807319
807134
805934
805182
804639
803864
803578
803556
802957
798023
797899
797108
795352
793246
791823
791772
791755
791637
791515
789789
789755
786367
786174
786055
785839
785761
785342
785167
782457
781962
780772
779274
779108
777291
776599
775445
775064
772797
771549
767450
766673
766079
762843
762356
759537
755826
754105
752751
751009
750380
750006
748864
748073
748023
746800
746444
746094
745142
745099
744454
737369
737259
735668
734597
734497
734147
732890
732870
732513
731309
731196
731137
729802
729604
729335
728805
727200
726155
725742
725559
724042
720212
720024
719987
718067
717106
714960
712506
711881
709605
706573
704035
703319
702609
702335
701579
701368
700863
700042
698397
697139
696148
695416
694497
693026
691404
689490
689396
689312
689068
688668
688665
687749
687276
687217
684456
683928
681633
681050
680728
680639
679578
679485
679464
679348
679216
678671
676479
674476
672280
672225
672174
670688
668672
668175
667581
667473
667125
666805
666322
664391
663652
662921
662716
662057
661338
660634
660349
660318
658178
656499
656362
654936
654267
653351
652929
651860
651326
650441
649740
648722
648310
647642
647281
646735
645037
645012
644448
641062
640596
640191
638648
638363
638225
637232
637039
637028
635720
634063
634019
633025
632847
632507
631485
626602
625799
625784
625409
624735
623944
623506
621417
620577
617990
614979
611533
611072
610550
609952
609438
609288
608290
607781
607762
606766
604793
602398
601476
600843
600753
599892
599670
599407
599017
596835
596459
596070
595558
594374
593927
592957
591231
590929
590908
589051
588134
587627
586764
586316
585851
582380
582054
581907
581324
580638
580619
579308
578326
578282
577162
576294
574938
574885
574736
573308
573033
571827
571032
569704
568584
567910
566885
566677
565474
565035
564692
561994
560041
558111
556391
556008
554763
554671
554373
554006
552759
549562
549308
548713
548091
547405
546833
545320
545244
545244
543616
541420
540161
539326
538132
537826
536658
536412
536328
535951
534991
533652
533372
530121
528120
527880
527795
527320
526655
524717
524618
523695
523079
520621
518758
517478
517038
516519
512608
512101
511960
510439
509959
509800
509598
507181
505774
505636
505218
504125
503626
503075
502021
497718
497532
496852
495906
495295
494887
491605
489713
489306
487108
485963
485037
484667
484218
484213
484063
483090
482026
481622
481345
479569
479410
477249
477126
473827
469712
469402
467958
467584
466608
465419
464877
462675
462600
461234
459041
458382
457589
457072
457003
456529
456139
454960
451651
450922
450724
450413
450143
448721
448003
446370
446269
442661
441685
440366
439252
437806
435728
435325
435055
434957
434000
433550
431336
425454
425408
424873
422441
422405
421087
419752
419598
418352
416835
416581
415828
413802
413308
411153
409980
409007
408094
406317
405053
404857
404758
404390
403002
402362
399905
399613
398738
395463
395449
395314
395277
394644
394513
394145
393540
393158
391604
390326
388856
388605
388303
386738
384655
383052
382463
380094
379112
379071
375038
371833
370135
369322
369099
368992
368667
368205
367687
362426
361602
361400
360713
360397
359092
359020
358736
358409
357491
356063
355940
353333
352225
348843
348292
346575
346093
344989
343967
339562
338715
338025
337234
336798
336200
334954
332821
331672
331525
328293
327014
326755
325865
324966
324437
324421
324345
323616
322999
322492
322214
322042
319903
318595
317939
317513
315881
315466
315382
314239
313913
313907
313631
311664
311495
308114
308113
306043
305878
305552
305508
305131
304253
303840
302230
301576
300696
297859
297521
297333
296417
296073
295759
294891
294185
291076
291009
290768
290432
289739
285237
281573
278661
278033
277281
277101
276856
276624
275862
275428
274108
273895
272405
270693
270409
270289
269161
269036
268972
267636
266781
266428
264764
260655
260315
260231
259078
258992
258948
258501
256261
255707
255403
255365
251150
251141
250431
248611
248192
248159
246515
243175
241491
240707
240157
239260
238278
237846
236957
236934
236719
236572
236486
234176
233978
232329
232057
230057
228839
228775
227302
226813
225371
224554
220918
220655
220391
220357
219415
219195
218256
217744
216644
216411
216111
215250
213248
212052
209288
208104
205947
205777
205477
205190
203771
203499
202507
202342
201970
200196
199395
198478
197672
197440
195747
195220
194647
193262
192950
191260
190727
186152
185976
184798
183731
182990
182370
182263
181287
180422
178991
176160
175215
175114
174234
172174
171905
171825
170031
166817
166732
166554
165240
165047
164355
164037
163843
162998
162887
161924
161684
161209
160019
158851
158491
158065
158026
157347
156824
155171
154989
154041
153659
151924
151807
151690
150952
149532
148205
146265
145944
144469
143897
143230
143062
140976
140317
138989
136261
135814
135710
134361
134040
133389
132292
131267
129950
128866
128778
128747
127714
126966
125899
124985
124863
124282
123955
123073
120255
119734
119566
119013
115242
115119
112811
112483
112134
111161
107841
105032
104934
104473
104428
103798
103675
103332
103281
103129
101519
100151
98291
95505
94827
93256
93126
92119
90700
88212
86793
86328
86240
85369
82413
82189
81315
80855
78294
78180
77673
75310
75053
74390
73914
73734
73134
71503
70551
70383
66761
64808
64593
64567
63622
60197
58086
57210
56879
52891
52493
52260
51514
48904
47701
47612
46940
46735
46183
44907
44630
44292
41993
41104
39570
38520
36342
35726
33178
33167
33026
31748
31489
30568
28007
24940
24728
24467
23745
23312
21275
20130
19703
18830
17461
16943
16425
16061
15588
14884
7757
6212
5918
4660
4542
3853
2655
2586
1624
1192
162
