5000
27862
4721570
398149
755881
2561889
2875860
2911895
3268248
3284459
982767
1241933
440366
4530253
2104259
2266923
3201730
4756372
821884
3221491
2809222
3048955
3632551
2352570
2322943
2588451
851821
3189492
4478155
2962705
2977303
1941043
506919
215225
2339192
3779152
2777114
2731404
4207399
3561714
1015864
190167
4803648
3972582
2236772
1907907
1239505
2954854
4180631
2061390
1176345
4506206
2626697
2325249
1858776
2465992
2430052
2710598
655484
1908208
3189655
1149139
1365603
1212926
1364364
1221148
2508430
1657830
3952552
1715830
219544
2484768
4422349
2539544
3973702
4175473
1963804
213208
2130327
1144435
4790950
823024
3166993
4933999
3148273
2542122
2399991
578326
2769072
571827
2886
958727
1720966
1368489
4688005
3085330
105989
4712787
2259512
4058542
1428617
2479056
4059662
3367318
2534953
3033365
59143
4498757
762925
2189470
643192
3070227
3012495
3810186
3004226
3677120
3868660
2920569
1771798
1637732
3492396
4291036
112811
2729714
3175878
4800816
3331396
3281867
4513603
590908
4856761
3458573
586316
1432776
4342243
3121269
4466141
4401387
2620026
2745418
4107209
779571
3331997
4636056
2106109
3852575
829529
974769
1773144
2601327
2612501
2781892
4408716
2725312
3027958
2584594
42480
1359354
866461
2072435
4466614
3239575
531008
52930
4672351
2389604
690552
1654844
4307343
3310578
1916614
3414552
4090149
248611
3050609
3712610
4101186
3880138
4687379
3390682
3997817
2299880
3688926
3406533
2541544
1716884
3507479
2584024
3076238
1890293
4656460
59204
129868
2703820
112134
2318571
2609776
802686
3973415
1917119
1629617
890029
331672
3236118
1138640
898633
1948729
2756178
2295123
1636108
1146860
1292940
1452341
4835786
2215826
1510237
4069022
3239657
4094262
4661612
129950
1267074
4720816
2776170
1487246
4832950
94741
4097023
3151989
1584508
1014142
4781606
2474537
3862166
3017724
1129529
2277151
2482805
3885707
4572274
1635266
2548919
3381567
603959
4901057
3113745
2114196
3970079
1353402
3724810
3631691
3999705
2508236
868859
4292227
3995483
3218162
4386969
608858
1370151
3487829
4139352
3668109
962367
3001519
4202185
4608248
278670
4201343
1010308
2367297
836609
3559227
748864
1440568
3460285
3862609
3554764
4946716
2732363
4795927
1094760
1732068
2304163
1963619
1024296
3815998
2698133
2927617
4424856
1584636
1415446
3564209
252745
4894165
4082080
1971283
2018766
1877102
1172626
3029074
4244399
2009235
1588301
2509615
966155
2564938
1372224
2037271
28007
4104588
1833198
1122767
3353008
4137362
602738
1893656
469712
3300872
4821273
4894569
4885508
3753072
975130
2654606
1163589
57210
4625889
3182355
4450664
3314867
1211429
3695064
324102
316083
3721031
1290257
2881021
93256
843880
2909028
1714196
2677079
1548147
2583556
4330793
2150886
4477213
4800505
2968110
4298486
2211426
369970
567910
3186556
3024576
1731500
760118
166817
2430207
210783
3481684
3641637
1422199
1322138
1474072
143230
128747
1871445
236486
972628
4780474
4467034
3649707
3844973
2050591
496852
3512211
1527804
297357
3996673
3342642
2508784
4366644
3910553
3211692
2391220
3158405
3971811
74390
588612
4182594
3556074
1746601
604793
4878213
3220673
748023
2523312
92119
3500862
3495940
2388945
484248
2145647
1233918
2534839
158851
2262482
1578995
456209
1259155
2437990
481345
625799
3864895
1209389
533372
2023300
181200
607762
2611912
1880146
1680188
4358514
2484939
4074753
95539
749315
1598066
187658
1766529
94006
2576603
2250777
4756006
1326874
2301969
4914857
1105708
1397316
2887418
2364863
3835306
885115
507015
2700201
2094505
3556739
4723501
2275705
4164501
4851766
4155852
3361041
1726632
4157143
2435795
1822171
2422810
4033861
4526182
4189339
1644219
4619137
1440117
1400225
946011
3742086
3831435
2051719
2655754
4235205
1932935
1491061
120321
2439950
4191262
2214826
996689
1431116
2006883
2677542
3799234
3679087
1038583
525866
352583
990730
4864389
2775393
2540943
4390571
1964733
4185163
4009709
921202
3101740
2472072
2179640
4449527
2040144
4835394
3684733
1489431
1326455
3805054
1445733
3034070
3536232
4958774
1981538
3059467
2636316
780772
1738555
1191251
1306638
4607490
4698334
3687379
2382883
2239277
3077951
1863968
3940792
4604012
2785170
2042533
4592436
4964810
1492060
4148932
2316557
2693145
638363
1159364
4014551
2084096
4193434
2550783
2042870
1174972
610251
2195538
1955744
4865158
903142
778734
1989000
601476
4466114
4371883
2840753
60417
3752204
1781546
4664429
1537374
1340431
1773217
4018537
348843
3438502
3851446
3041989
4076865
10810
2056540
3677314
4204245
2123676
3236536
2895569
250279
2948427
2367666
2631789
3851569
3146400
4620789
1969397
128866
1509024
2326502
189283
261228
4108048
2370064
4314955
2964831
1659634
849844
830027
98136
4701290
3872016
4175001
2228452
3444908
368667
1432697
568584
1121556
1844619
3335215
4069983
4212285
967004
437904
4875037
587793
2407301
3904
4613170
4733803
2709539
4874398
1358204
79604
1705705
1839387
4255590
71901
2669414
4353726
4773191
1541430
1045079
2001644
2502691
1413747
950693
587627
51655
311664
3922843
4121638
2040301
4889847
2075894
1915339
2993993
4483195
4435595
2607163
4216998
4661486
4997913
3091554
2257442
4219971
4930942
1513032
4291872
2600356
866758
1581416
1658139
1911838
3583060
4160830
841937
2050105
4748457
3409944
4878122
3671300
2531582
1918423
1077500
4607476
1350114
4071493
1607023
3302061
4195008
3340373
2963548
1709273
1431928
220990
929244
3879222
4250375
221117
1479578
2633485
1802533
654069
2061675
2901945
4814899
2903612
2468402
2079709
1313556
2346524
751009
1361490
4264948
4344861
3485318
3131414
3416354
2608693
1433476
127714
949067
1913376
1836988
4897347
4650718
2766232
3776569
3901093
2987349
2772499
1534579
2306234
3426569
3596254
208179
757820
4016219
2676582
2837529
2846127
2539458
3588539
1723970
4320758
2933400
209288
2452173
3866107
334334
1402001
3993821
1283401
3315377
3347161
3697100
2966095
1113394
2473669
4383541
1617095
2762520
918120
1439682
1189089
2030726
1647861
1946910
1046945
1840795
4784439
1409425
4380254
889330
3133395
1217364
1339083
859035
3669537
205190
1193369
71538
1715363
4993122
903267
62525
3690222
1385715
3692271
3680243
769256
2825718
1442764
4203728
4265400
148205
1234454
3429614
2095115
4797752
270409
4395907
1207177
2167015
285237
1856924
900732
4140672
232311
4570269
4345862
3942033
2158160
3577578
3935155
577779
1156455
141730
1963494
4848726
3821973
2732750
190796
2781089
1936478
4456197
2929295
3170933
2885811
2540762
485037
672572
4453021
4208566
355940
2254611
1065490
1256672
1395283
3814153
3343293
3257498
2756186
501453
1835076
4207694
1079233
507883
4349424
3042727
356609
687749
3291830
547405
985191
228308
2519954
1430838
915593
405765
3971600
1400630
3594690
940974
609196
3950630
3195585
4191038
2723654
4590868
3005192
1066947
2848366
3277730
1568401
2199794
2485424
163986
2707677
4351200
723065
580638
2555302
4014895
3644396
3540493
4243204
1164350
2487683
2675149
4086468
3975635
4075780
2681158
4916609
2201328
4148140
3112194
1392367
1871794
219415
1913911
2938741
3067781
191641
2023494
2783928
2677066
4703832
491605
4544618
2943250
3588596
2099920
1958145
2232992
3156765
3717701
3397342
644448
1392851
162
4620084
2984983
197672
4536693
186311
4345812
165240
1578678
3733958
384655
3492589
1672700
968788
1200583
1212546
3752716
3877649
3432731
1760674
3422267
1375981
349270
3038540
3334126
2582262
1195305
4568180
3495956
4356106
3477383
3496119
1492542
1462366
3693791
1029235
1648677
555956
3710827
743708
4289914
4095482
1752649
3478966
64271
2953232
2207865
1333339
4347233
640596
3094013
285853
2016577
3443283
3324393
2867055
3541897
2036050
2435235
4554206
1392156
3428970
566677
2884698
4891336
1776820
1430286
4056366
2332776
2657465
2316426
4139043
4269300
4069075
134361
4333571
2022308
2342226
3183262
1369541
2982822
1277276
4171746
2515751
2236911
2496139
382807
3295161
2048542
334394
2849367
3440698
1279717
3416044
3841749
1171053
2709216
2788387
2743771
41993
2962204
60197
1697388
2231504
4129273
1831749
4081427
3667933
4173976
2264690
2553826
4673150
1058318
1725573
4705254
3295229
1738064
2604413
4106742
3786606
2938807
4472461
4743657
4218524
404857
1101758
2905930
3114074
1406497
649701
3156067
4368701
3226251
4853455
1600206
2355524
4201556
681633
3539809
3375532
462675
3609987
565035
1520993
335560
270289
2332575
4589977
2874702
1439317
3376583
3329861
911779
3120240
64738
3832988
1738350
2970668
1947062
3144847
1136721
103129
2513549
4362972
2472936
1630107
4234848
1674493
4828092
291009
2566377
290768
3900997
3131412
1811761
1752909
918053
4144336
1342886
3792755
3100006
4719470
4638969
1528137
356062
4703707
361125
2094413
190727
2308188
239260
1327448
4927669
269161
3206773
4916958
1899268
4957973
4107803
1727361
2765335
1674180
2018129
1666332
2321945
1346242
3419241
3239998
490579
4762128
4549106
1106937
1997950
4188075
2635074
2354012
3891782
2996199
4448425
1598861
304387
2204038
442661
232057
4989551
3649434
149015
4405172
1123760
4256818
1132533
3889095
3447350
667014
3071779
769295
4529608
1491020
1525646
2536539
3769500
3591104
3643476
767450
2779179
1278550
3121463
4187313
4274750
86240
786174
4579137
4806630
1228835
2327546
4796182
2394622
4992913
4201354
1034734
4249731
2850239
2440181
213434
1033605
511960
3499081
563213
2002980
24727
3099753
772481
1132183
1743229
4056283
1427714
538132
2177746
615027
4812882
4780339
3917553
1908371
4586969
2662741
4235918
1899503
2573715
4228831
3617209
3608449
994915
1467448
1048630
1208349
17405
4076942
4707430
580619
3596274
2248510
1196724
1885107
897045
456305
941391
2324760
994437
635489
456139
807319
415828
1890045
2715691
2519150
4552786
4467961
1935005
4642853
3696792
552215
3251302
2208059
2019663
1816284
3416408
2037069
3409578
640191
134040
2005852
405053
1330764
3890960
1302098
4303421
4832351
3626858
297859
467840
4082998
1105178
3400021
973043
1337221
919171
3042181
805182
370528
2685034
2018327
922743
3452688
1742738
458759
2785324
2675499
12180
1194902
3315690
146220
717106
1237095
3993336
4608066
2539193
3296757
1956769
1166052
3594616
4940962
2765402
2216147
3340983
1254797
1069720
1776506
1813330
4391255
2147034
4498364
3925934
3069778
467404
668672
3528537
769080
3344171
3540717
4480334
4176213
1203289
197440
413308
2712977
2321859
2952502
1009734
4278628
1634906
2120703
4219590
1916660
1853202
2560573
3171457
2922922
1853431
2501139
4830529
4000466
4515855
3756463
4586596
4983259
4425136
631485
3268691
285659
1688554
2749025
4461873
2891843
2946465
4875181
604820
2784676
344035
4130906
2063305
1978941
3767961
3799247
1411953
621163
3876173
2099762
1060438
729604
4600901
890967
2246422
4116756
2163783
1833018
1616367
1588919
4980855
4885058
4390930
1669409
2634083
3852803
2077604
3096901
1244337
2682424
881577
1588372
4329683
461234
1083666
3097644
4260482
2495619
1235160
3136655
4595382
4811950
1382611
1712635
3219269
3629034
829392
383052
2978404
2445759
4488323
2959260
2330818
3879254
4628669
2481253
248409
1706274
578154
1492746
1905050
3976084
597471
3751085
4437318
1681137
4365082
1214152
1693108
3116594
1867159
3804842
2928544
3249771
517478
3664165
1878805
3863222
4047218
2373561
1308981
1051893
332821
1156151
2447499
2477843
1153757
2695909
1700469
4248263
1705007
1121871
3224347
2302478
2389309
178018
1499967
1754391
3908522
3193076
4870985
775682
1997918
315881
4025453
31748
3980046
3420610
3894970
543616
794171
2720304
4111862
3643345
1392807
1559361
3637540
2546564
1771622
338009
1794828
3476630
3976232
2535527
779108
1365541
2713545
2279076
3119932
1622068
2988504
507269
2397750
2502774
3339502
3939555
2534523
2319549
2360165
3945845
379517
670688
4182501
4491379
4314033
575309
3567093
2951573
638225
338715
805934
2433053
1331697
4782167
4968581
2110806
3664060
198478
1906234
4300345
4336898
2411090
4807614
4251000
4913864
3147117
3190555
4964739
2983018
3067072
1426937
878887
3737761
609438
2886619
568146
3701099
1453712
3519720
4339325
4308779
1842006
4288730
640477
4140525
4257311
267635
2804586
1972142
2173869
2104931
1309040
4584959
1912545
560041
2015175
2576014
1266948
1979915
3075384
4334021
3406852
3954272
588134
4016290
1840891
1156280
233742
3294603
2192352
4573067
119734
4034359
3861797
760211
3174884
635461
1027846
979470
123955
718067
600753
1432995
2819378
2513299
4509388
4834554
2605665
3292689
1814469
681050
143062
2737673
4635322
731196
4270315
3992565
1887476
4504057
4803520
1596181
4077124
4923254
630540
455274
683466
1321776
1090735
4227664
4817599
1214690
4945732
418352
164037
2765110
448003
2189778
2599664
3053669
482467
1930485
1251071
625529
4668158
886393
3873077
3938474
2395310
760553
3442531
2198830
4873086
36008
2122084
503626
3007634
321902
4341755
4098369
4549567
4159354
2829411
2011651
2094058
509800
4776761
2542062
215930
4892778
3112083
698397
4339615
4363154
3840278
4007774
2765899
2713355
462600
161209
990261
1421483
2360039
863347
3973843
4482123
3883326
1981477
4804026
741433
3596198
1869945
2417139
3941961
3881596
4511197
4451762
1174709
4569611
4667692
1067487
2681694
2882442
2923455
4561200
4239072
1931229
2327099
1952428
4910181
4660
459041
1331664
4881051
1322388
305508
1879527
2722066
2286985
4199905
3463499
883184
1069850
880638
2341497
2467798
2908188
1793259
3642507
2477799
3977304
2226347
2675846
4376098
149802
2237046
3615170
4597383
2080498
3083950
4507564
4601510
3542991
839228
4482562
2381732
3661088
1362089
103798
3464426
561994
1083650
1863962
4148196
4480640
4205459
1615994
2388828
3515071
258501
4866628
2492375
2484848
2542474
1868473
151002
2295872
2999995
4748385
4376370
1083946
4255949
3977881
4626937
2611530
3460443
2008669
1272618
2338884
4628820
4737044
2900878
3228822
1601006
2049074
2709462
3322818
3665068
98291
1837889
1439921
2481271
4330264
3924770
23745
3715089
4075772
2319617
1715084
1340510
4212340
315382
596459
706573
4942320
3207989
4167016
4467341
1996960
4022252
1612513
4250356
1923130
4841335
3367715
1488556
2550798
1690533
2669976
2649089
3528422
4109897
2646712
375038
551019
2670457
4090127
2143144
2506426
3321563
3483654
4235118
3636946
4080113
4941691
1095618
4804455
1625059
3079311
1801415
647311
4691825
3568123
86793
4533160
1935838
1575349
4600310
3626371
1761677
4765751
2154793
871575
2412463
46183
3938946
2599272
1652662
1082090
105699
4974226
4565744
1857169
1127524
1162210
1798861
4739494
3483017
3423920
2818805
2800784
1587584
2510630
1368907
1674377
4560143
3304746
766079
4160453
4447469
2527756
3926205
4118615
915683
1338668
4164798
4854630
3937941
817461
3453072
1559992
3308039
535169
3417161
1951915
1697379
2732374
1691409
2696748
1156295
4510214
497532
260231
4537197
1866439
1934608
4097340
2687537
2700687
3257793
2135007
2744796
4700350
1253622
3660479
1039019
2934772
1031461
2493312
3752233
4484534
4053304
4576624
19703
4986817
1528539
4233434
2719192
3219948
1930182
1391839
246515
4944066
1652070
4783712
4326857
1103030
3881052
2014395
1320070
4655197
1665754
4064866
4355548
435728
241697
2910919
3370500
1273159
404231
4639086
3274045
1973887
4215710
3293748
1960704
744250
43534
4679896
1480550
1973716
1071735
1727065
1917782
240157
4027129
1244639
1343188
2908181
775386
2663258
79731
4957492
4244476
1951631
393220
4486173
4862550
1280073
3275684
266781
3435511
4066081
2240668
2651221
2359829
1717724
911823
4919715
1397621
2392374
4409783
4985708
1635791
1327565
225866
662921
88557
4085406
1087454
3380295
4265016
1167185
3337788
3509492
3118816
1247360
512017
497718
2527433
1304054
3280851
962944
370135
521519
1130518
246317
4755596
2042341
166032
1153217
1951067
4575816
3655277
3586859
3419733
1397495
4249780
1024642
482901
337234
1921290
4747917
4020772
259078
773761
4655940
1506438
3802131
153659
1550224
106185
3434510
29520
2992672
1472382
1160038
3238989
1227978
718732
921374
4897547
2669799
3013542
3552824
3773010
3949627
4950320
3022790
4974270
2949573
876377
4411912
213843
2413501
4670990
987604
2069441
3693780
2306087
2223100
2760356
2412272
3173963
2789877
2921297
4646345
3949915
1160286
3390675
4668647
4598012
3288222
4854799
2611554
4357398
3627809
4077534
1824070
4166952
1568156
4773644
2559681
980068
4987487
4973182
651058
3491443
2042623
1861190
797531
1782076
4621547
726155
4956039
2411424
3647452
2118736
3877691
2324091
509411
1062691
4438455
1313985
917490
4566362
671383
2061651
3643896
2495454
1228603
212052
4785450
3788284
1192120
4772937
3761466
4359530
780732
3320442
3737072
4094615
102518
3358619
2337123
2574909
3286395
984575
4693645
2164087
825018
2719408
3226778
2779826
1549745
1660620
2346188
2221128
3722271
3506436
2232934
2467227
3718488
2018384
3771863
2426960
4307673
49682
4302842
2604758
3370124
3039914
1699373
988994
3914886
4036496
3563903
2201281
2537424
773900
4365368
878794
1009660
108498
3658620
2559405
1769118
1004808
4780533
3007742
4511244
4529820
2991321
746084
4064556
1763184
689396
3372230
1812866
4992238
976988
182990
548505
192713
1171984
4463391
4229210
2252239
1664672
1766634
542491
3546393
2645428
1552151
3654891
3820401
4111556
2940362
2341561
1408442
948104
1852806
938262
3939425
115242
2519170
702609
804639
891400
31828
3313229
4384740
214818
3861734
4577454
3903155
841477
3806664
3671746
2506150
3089650
4214238
1052543
3251430
766389
2223786
2071831
2394298
164148
4413393
1319092
3628604
3782551
2257354
84381
1414145
2292876
3303343
4735136
3184277
3335171
3048366
85369
3549989
4426452
4662823
4969496
267930
985839
3641243
290432
1591841
371833
3859327
4843272
3654574
1083113
4431455
1048872
1247262
1361200
2367964
4875866
2660103
2141670
4960248
4074249
4434547
3263591
3809385
135176
4115114
4374103
220545
181455
3800556
4883369
150952
1584838
3385560
1308547
1875270
4977402
1680380
734597
2337026
334954
1817710
4284833
3900179
581324
3162386
1268143
2973543
822489
926166
450143
2413090
360713
1230086
1222476
3012241
345200
3112931
3232786
526655
1913487
632507
3193959
1014677
4018068
4502506
2889947
1511822
3699238
1140896
1365200
1550545
474959
3166385
450724
1056283
1328771
4235219
1546178
2151261
2677737
1996321
2080703
3038450
3226407
3303179
3567043
3571607
3932463
1799830
1614615
845950
4948689
4808574
4376980
1483109
4311081
2266927
2994931
526671
924176
1876483
2077216
1399135
42869
44292
4971770
3887992
4279512
1517949
1039253
1957249
3514270
636309
2512052
4257030
1455840
1079095
344989
388303
395277
1959604
3750606
343967
4284531
3127586
1827076
1111964
394513
2338360
1638635
1318689
4214843
3715852
234176
1774064
1276496
205947
662057
556008
1723896
4217662
29610
2754518
4853971
58014
2011548
1309812
3653461
4872890
1698115
4048739
1832494
448721
1909058
3633377
1092659
1252486
4745341
1487173
3590846
1383977
322214
322042
2616181
556391
4612458
3892677
3278690
274515
1965038
2586
2008530
1994648
273456
1862501
4569014
4801357
688665
3222475
4674247
4903133
2271214
4023093
2868206
1696624
2656471
3960866
2949111
2401812
2964391
1539957
1302141
802957
4378351
3918322
3875700
3990810
327352
2154390
1781677
2292390
4673328
3790207
1803390
4946785
3169061
1372404
4748142
3857726
4594879
1938741
1277211
4382446
961834
4145418
1079070
3618305
622636
1544533
3536470
3587027
600843
4838611
4389984
4979194
1273286
3265685
1486356
1600638
420075
3268034
1409380
2609756
2058241
3212770
2556541
227302
4585174
4821035
1601381
1696405
1759776
2878592
3595203
237962
4540362
2190626
1372620
162998
3735159
4909090
3750025
4336002
2264053
656362
1831549
3537339
3922047
3317905
2654329
1858474
4102291
4063709
1984582
1160533
4792831
2057475
3904187
1894357
1878510
505568
3590763
1154638
900513
2185966
3908953
440875
1892944
281573
603874
628104
2707015
1870251
2480458
2487420
2526613
1828359
3541112
3965012
146265
1195441
3339839
1764908
2775503
324421
2925441
2568334
2381897
4345981
4462692
1776759
2367901
3053455
447750
3268414
2755773
4356703
1225642
2165070
2154628
1829516
2793174
4861643
1216119
2789984
2349063
1259085
4618344
890175
224097
2280961
4601969
1080288
4045869
2377472
1404710
4487663
4945806
1302959
3833644
4408498
596070
3717897
4978305
1043820
1986312
250431
2916875
3211954
4931853
71503
2557822
2725027
2449498
3773941
3031363
4798562
33026
166059
3205089
2773476
2447020
2807058
3853764
4009242
2700882
2774826
3496905
2646689
1594137
4846901
4571539
2190208
3564798
2066197
750380
3067462
4832980
1183608
3795768
4764833
1255111
1353590
6212
3704610
2643884
553927
1019524
193262
719987
4224613
483090
3167007
4548024
4336855
2176249
2248906
4628033
3189506
2411947
1222171
552759
4499839
928731
1633910
4082388
4195463
4701372
1431720
379071
3497141
1196553
1634183
2367083
3719117
2855145
2527319
4273044
1391021
236934
4993031
3131986
720024
676391
2680010
56879
368992
2445269
2201265
1074851
2373568
939788
1627610
1873407
1868519
3261520
955795
1063982
479245
4903867
3959406
1492738
1100420
3109941
1376173
2335889
965086
3903493
1608934
2356107
4140427
4118317
488093
4860451
4794708
684456
2433683
2680053
3129725
4634948
3754904
3019645
574736
382514
4893053
4959607
1160387
3365200
3539941
1639632
3269068
2499347
648722
1885840
609288
2024895
4221730
4090726
3444740
3347016
3963185
101519
2465333
1967631
2478323
4776394
2652087
4912006
2456447
3298164
2063306
1211351
1317809
154394
4110217
3727214
2630353
270604
4608767
1170294
4426588
2877835
1185994
75310
4763675
4311634
4616558
1501757
918713
577650
4848773
4881898
679170
4830459
4365881
3157493
4606853
2017968
585851
2063300
2832484
2649157
791003
1666646
319903
4901220
2910212
466608
171825
2518979
1636902
2114765
396814
339248
4706428
2676842
2167235
1839338
1694951
3085948
2416988
1543725
2967846
3096158
3890536
4850080
3770003
3497389
1868048
4355854
3077041
2216885
4521363
1384396
1399883
2357618
1285616
4310095
2824226
3973793
1829075
1977481
1088559
4742241
2316729
3311339
4935435
4483964
150677
1630387
2569912
2567665
690464
3054111
3180176
4581000
2904191
1950179
594741
2288591
1306034
1188134
2021828
3343749
2572530
938063
701368
1374498
248159
3525594
348292
4593586
503075
3953203
1852179
2819805
2264542
1787615
4820121
4931571
3418002
4906386
15588
1624818
476849
3195764
1205818
897392
145944
4316911
702335
3968330
3021397
2724164
2312079
593927
3662227
3013447
1968425
1426738
4055394
4833069
3536676
4558469
3786272
388856
4894626
3567166
2176471
4714748
3498737
3110825
2137486
3514326
4735643
2614335
4226442
3457813
3511727
4372386
291076
4214062
857068
3312473
4454578
685500
3906400
633158
1215299
3391177
2059896
270693
3224247
3112925
4829163
4526871
3501781
2240141
3094038
3194604
1954889
4109127
1305429
1608727
139805
3557424
4223062
4366248
4531589
251141
1254986
4822665
1981556
4628407
3135138
1436134
313907
4557890
4585644
1529206
465419
4161893
1799900
1206018
2274818
4145415
732890
776599
1385556
1343280
3971203
856798
452407
2792984
2465525
3108565
1350408
4204940
2474813
3398349
1972433
1246151
3221014
3953989
874558
3872504
2906476
1188465
946746
2492120
2717672
1412165
1654013
2033924
2618184
3928831
1179339
3351074
2221782
2564895
2210706
3709337
3421693
2663113
1502321
3403571
3288030
369081
124863
762843
3767430
2097296
4525347
4504796
1051286
399905
3377300
3957762
4104723
4324046
1449882
1822395
3252564
3103896
1372671
870748
4549079
2552010
1738174
1770862
2633257
3948880
480199
3571303
4128345
4498873
1974874
2416376
2384306
2099737
695571
1151737
4197033
220918
3172885
2764671
3137176
1550186
1722433
2241899
3390584
688668
1580646
1643148
1308916
2953317
30248
857995
3021679
4284774
2628857
654936
750006
625409
4226239
4878352
124282
3717465
4811080
24940
3333554
506651
1176677
46940
3243922
1865915
2811611
1381098
932453
2050397
3622997
4323037
2739065
2719995
3482538
4047981
673312
1029138
2422328
3694991
313913
2567538
1866279
3580271
3192947
1092519
3458623
833581
2326336
786055
858521
659891
1292707
4551551
3223183
2052981
1417466
1034794
3434079
2349919
3085191
4573428
4189308
3340608
2293423
188198
2388589
483087
1217337
2327270
1694430
4047602
4894808
3560709
2627873
3087755
2169580
3602849
1437688
4495917
4388904
2296209
2672160
3197963
4364112
895343
2767296
781578
1930137
1201375
647849
2531681
3291155
4837158
872289
3100930
2541708
777231
3584017
3759045
3104501
278447
322999
2999309
3839157
467225
3603416
1008737
4070074
41104
3021006
975330
4853665
693166
1689646
4217778
1588509
4456942
2515708
1034999
3174670
679910
1083032
1465825
3033420
1955321
4566756
575128
248904
667125
4334174
869757
945573
2173525
1385418
2301082
2640750
4988834
826171
1710824
2546290
1363530
202507
2399956
2056696
1892153
4134086
1161558
1349095
4166146
2196557
2040117
4846056
3279589
3505943
2879476
2751262
589051
3454605
516519
1256176
305131
1386276
4718101
2478656
2771695
4535535
2635759
276881
361707
4346583
2823172
1725237
2065442
2739480
1298285
3957595
4389918
2459843
2823043
3556064
2172752
4863160
3402121
2968693
885455
1281597
3236308
1474506
4736202
3752827
247035
2557685
139103
4965136
36342
427150
2017024
2672101
3220384
4895083
4535036
3559908
4136672
4116831
1299388
434957
3074426
689306
411153
3413821
1761722
2583905
793334
163843
3068951
1678789
1445441
1305259
3153296
3697995
58086
916683
1255681
2713541
3398171
3808375
657044
415195
3996828
3877428
310278
1048216
2437336
4446950
165047
1253076
2398260
755826
4458734
2809413
1685999
1220456
2909670
2479333
3900652
978621
4158123
346093
4800232
4827771
1560440
2374670
744454
332473
88212
4142625
1657200
3261608
2074173
3170380
2139036
2384451
4218597
2092724
4347754
1899996
862152
1746014
172174
2837238
4555427
1858174
4057694
4981449
4337507
2958346
3476423
1011982
820791
3276655
839753
4897584
651326
4100559
230057
3255890
759537
4403610
4033850
2833710
2573990
3689238
2734513
4308939
781962
2082267
3725288
4160466
1344633
3897462
1997704
3416412
3271988
3571750
3397862
2609496
4046449
4390637
1137830
4867240
2667292
1977584
2281176
834970
3594495
27586
1607212
4354032
4431196
641062
4704094
2005186
4330300
2438608
1314126
2628614
2037227
2555766
1789080
898213
1453228
1303136
4314625
4725217
4874887
228839
4851065
3921336
4619476
988895
1304928
4803121
482831
3586105
3154443
4077327
3613691
4761656
947711
3044887
2919070
651806
2566425
4765723
606766
1396903
4910689
2643993
3952669
4216122
1058558
2922250
519258
373184
2647467
394145
602023
14884
1831833
221500
1003779
3136762
24621
1486611
4239219
695416
3080290
2852910
457072
4028001
3414149
892495
4679807
980574
3174570
286573
4893830
3085259
446919
3846499
2301381
1505477
1768749
2820640
4395013
1932568
731137
4997037
1947452
2562971
2734889
467584
3216085
275862
1954195
2455304
971278
2550837
308214
3944703
1578838
1238715
2353550
3774998
2219289
528120
1577923
4629471
3613379
2024842
3475971
3431113
1046672
2761072
3768105
441685
2209993
4499242
2955074
4157445
4578565
3206315
4625029
2794650
3482177
4095576
2766306
4453456
4162765
3074520
914511
741604
1829587
3268061
4516602
1565229
3796181
1094525
1194700
4925912
635720
2187023
873377
4198744
4948096
4641482
2156781
4674441
1657077
111856
3831886
3751994
834523
973268
4062997
4316701
2585196
1829303
1286509
1747962
2420176
2201020
5918
4249763
2985433
4522520
814992
4297966
3133397
4526045
1740230
1285469
1713068
2613608
484213
4177516
2255090
157347
3851957
1428519
269203
200196
180514
3620078
3689816
1759863
2936779
1275012
3589166
4223288
539326
3525694
3940660
545244
2775458
4442445
2584116
1106802
3740411
3233866
632847
480642
4519335
4862268
3094250
2519901
4039784
2865692
2677248
408094
1810564
462803
608290
1991078
4082881
4298106
1267293
2019661
3089470
4856459
3759301
3628797
3382154
216314
1690393
3673964
4658759
1790862
4780766
3399171
24728
2929966
1396165
2060415
2792234
4490415
4580316
4348370
4872459
4773916
4756464
1683023
236719
364754
1190453
1835953
2179212
2457746
1371966
268683
2314206
131267
1413832
3212712
2863933
620577
4403028
39045
2411439
1700146
3438216
4952519
4630112
2350733
2012935
4938698
1841148
4109603
4287069
1713607
3883520
4043533
3396631
1636591
4408288
4587084
3472544
1587500
4561183
4844510
4372535
1875389
2492130
786367
2604453
356063
1406945
2007481
2911460
1334736
3707627
1349676
1287256
854092
1216761
3300191
792790
3057909
4926146
79859
2287869
3809666
4123393
3200852
2962610
1048033
304288
1435154
151885
4865471
3796017
4524421
4257212
1288147
2827140
1861665
4160562
1750437
1385498
2072023
3085174
93126
938051
4372430
3463570
2154813
188973
4256360
2729074
115119
1852572
16943
1441138
3492317
734147
4403748
2056702
1038436
3355254
2208587
903907
2151271
4249360
2677472
955770
4592853
4539137
116333
1343290
924636
4704708
1944816
3534114
642759
3833598
4514036
313924
1538923
1286748
3042999
4170395
3139320
576294
611533
1631637
1310442
2531633
1204691
4865230
886887
3413279
3285489
554511
178991
962961
1510281
4771844
502099
4142966
3631487
3943087
3847674
3092655
4993553
2006786
4442606
2023941
4837062
981529
3310689
2880061
151924
1450010
972708
3279809
597999
4799502
811442
1802691
4664732
4214682
2732322
2950221
4769193
2911313
3913183
1279474
199510
1931634
422441
1347349
3391073
1786467
4440004
900978
1309605
3882610
2924919
1146668
2380492
1235608
1543081
2532416
201970
2515789
812226
799970
2315291
4140020
119013
4496375
3354702
367687
4962949
3123895
795352
1392484
1919722
994862
3324118
2342163
4858563
4231543
1644982
1814920
2648873
2954588
3213882
3090144
4101256
594374
1842104
644337
643143
2044075
676479
3971721
360397
2991770
3111741
479410
4498
1466444
3363449
4967447
2106691
4158801
1359931
4026413
2670016
2200401
3884928
2528579
1431944
529911
1859851
1597169
3484499
73734
4687313
102107
3184460
1529417
746444
3827603
1089844
1422923
2799324
1450241
1931046
3427418
4446003
1935544
4893862
2809452
1902991
2000553
1968254
779274
1026967
4638270
2979675
4911895
4683201
1927971
2958158
1543053
3525140
3959009
1616787
728805
4061116
4801247
2258222
2323913
1145203
864419
1263188
1460879
2314660
3194234
4888297
1760664
2646130
2298511
2086468
2065473
1815417
4054722
2844747
358736
1209344
824422
2786983
892546
2752393
745142
2435599
3793885
2220503
1568738
4522690
1281620
3886337
4297265
3605533
2547892
161684
2385073
4008772
4992696
579308
1413421
4269712
741790
1228285
1356181
323616
3043702
2927255
3168363
918790
4136600
1509138
1222125
2545498
1777883
1967267
2497449
571769
1704123
4066187
2610811
2985743
468876
1908076
4107628
3016769
4586112
1492701
2025541
4578809
4588361
955314
3848521
330152
2183599
2721054
3170120
2743653
648310
1338483
3662443
2301262
2847621
4884569
4846760
2141857
4368188
4860561
2713626
1072311
3926748
324437
1574406
4395624
4748866
682034
4928745
4334978
4691088
4470638
1430139
4279449
425953
278661
2125953
125904
2999715
296073
2869558
1164377
4150909
4048353
3465639
4514882
1449274
828751
1656739
3333815
689312
4370365
4406126
2132412
2211155
3496885
4044389
1960021
1695271
3973134
3811351
1386359
3443773
241491
3182161
1386078
3036504
308114
1511982
3552571
3120540
4381540
4716949
2271449
946246
698940
1786331
2395520
1527692
959423
729335
2217004
329788
2651814
4349417
57295
1148699
3393806
4533668
2843970
4883292
3345020
4230330
3327065
1102863
2412491
4713143
4139367
236957
3741478
208290
873849
3123018
4925239
3145298
4069264
3140532
2447982
3981137
4668224
3407405
4710472
4401580
1253545
2362286
1267349
1310841
1027337
2177507
844509
1387660
2060800
1705881
617990
2904217
2808744
546833
133713
4464463
3300142
3875191
2189106
4173992
4514561
2114345
4835642
1100178
2771229
2283624
81315
2439453
3207381
2308139
4357386
4460927
4670426
624735
3288120
3214115
318595
1648981
4601775
4895747
3354863
2736117
2799964
3679959
799302
2933677
660775
4099445
4325220
2849881
789789
3839782
2480578
625431
4939960
251808
425408
21275
207613
3632789
2329414
2081351
610068
4516192
222439
3898188
2730308
541034
3063522
4848435
436781
3934737
2584553
753097
2614696
3383855
3686775
791823
4999652
3011995
3641704
3305793
4368129
3638635
3931225
4308089
3890443
1872985
1845716
1614408
505774
4175131
3695760
3632195
1207675
3918199
46735
1454335
1975585
3110257
1302771
2412366
2044994
1403676
3165463
2176043
2303883
4368590
484218
4819888
4896938
4125923
3125681
4265067
2764558
4573258
1089509
4171353
1446243
2935225
785761
4468370
4626708
1997873
3100565
834384
916072
663652
2288719
2891657
1290262
1107842
2820375
851608
2511518
985839
3027651
2331754
2870781
1028222
2151642
2767719
154145
2793675
4549139
435055
2366934
638648
2122760
3813177
3573873
424873
797899
3200582
2422747
1414816
4034966
855171
2078469
3840037
1263181
3368731
2464232
4083556
1736691
2492102
2585747
2280695
4823856
456529
3308917
4491850
740600
979414
2285526
289739
1414469
4652460
928387
1053581
981989
4502261
1478454
4296241
219195
1417553
711057
4254161
2272725
305878
610550
3535906
1190961
3074782
135814
2927653
566885
2721562
208348
2907093
694443
3517265
2398944
1435043
4496679
4684470
1724783
3427500
1853282
169522
4481081
2835271
4671783
3475887
4647864
4890978
4893441
358922
1661491
2166166
664800
4788394
3218424
4372114
2863176
3354238
2299767
946413
3592152
24467
3853507
4286595
3541732
1252451
3237991
554763
3453273
2479126
3982263
306555
2648648
979696
658178
4836784
4455583
306043
2244114
4349024
664965
1421958
4031542
3846117
1210352
2249966
3218231
1589880
604205
3034350
2536294
4196357
3058817
1389801
999305
4116901
158604
4237296
4671664
3611877
4232774
1170279
3918432
1881422
2149975
2092962
1718206
4121911
2399005
1478673
3470935
580322
2900631
18830
1942792
4110983
2268796
2677375
700863
2873001
711726
753509
4585711
1286895
2143310
3101368
403797
4818266
4855016
2591813
3430143
4087790
3762093
4864927
3485564
3428420
1957890
203771
66683
4356895
4198796
1053971
2453570
2099427
1072801
4396362
3726762
3341597
4590089
1943977
3730951
2818167
2697487
833014
4105063
2357149
3934382
2025212
2175416
1305750
4617025
3121911
393540
895470
2986839
3879104
1840243
4944729
1599227
1906926
1817976
798023
477249
1787898
413802
1550050
3700612
1656916
4891648
3290702
3600894
1138951
3625221
3814733
1971965
2730284
3688234
3422699
2271848
3380002
4728449
1888874
1501914
2638341
300696
2005105
4033797
4657291
4466186
633025
4080570
3800514
3947400
4557819
588413
1877555
1107870
1805377
3534471
3515870
2612431
4651717
4654821
1237653
982802
4143138
1484289
2187389
82189
3756138
567391
2326990
645012
4585657
4965331
3462060
4107114
1515480
3119352
3573300
4664857
2199922
4890167
3612258
1757741
2994932
3006165
381963
4800309
4056988
3897833
2412741
1225058
1069006
1166746
2207860
2728496
2651035
1911601
327037
1407173
2478993
2654027
4568537
4581002
135710
3030598
3688117
1651191
3666302
4777769
1316048
3382576
4667936
2444658
140317
2662868
450823
3038633
2463178
4507812
4452818
2392271
732870
521825
1075369
457082
766673
3726404
2368684
1093711
133578
2364029
3747738
2218467
1945031
1399801
2765417
3149500
3050992
1431719
443622
4367040
4814295
111558
4328051
2470965
290779
4778874
509598
270309
1803038
4962416
2662580
52260
3000593
1254301
509343
1283619
4980705
394379
2377330
2630635
2758408
3641420
4849103
2219791
41221
2614520
2885644
3092213
1562592
3329266
4975606
1376887
957176
4303657
1364204
1247955
1598883
4390154
1518264
918274
1868923
1697196
970534
4869516
2951497
3996229
1153135
2932203
4390608
1046817
3079190
4665368
4688238
2928293
4401512
4729459
3059166
2287156
338025
4621758
3132774
313631
3514997
4089950
2133640
4879202
2854258
1248875
1785708
4372522
2167149
3654631
3586071
654036
1040500
1537568
4650265
2193635
1986123
1557226
756805
2581666
3738946
445043
509959
656810
2690854
1085477
2943966
3028879
707235
3593092
858862
4222233
199395
2992502
1617787
3053653
1757730
3403495
4942527
3924879
4574479
3528598
2095267
614979
2582519
4261885
324966
2084994
3335463
1081771
4666660
2074409
4043166
2692972
2731220
1734021
3778449
3191538
4762900
4485685
4300983
621763
1224270
4500378
1130617
358409
70383
2888347
1278256
12910
4329579
852735
1057861
1424846
3984066
1156732
3203083
4309033
758078
1538546
2907156
424739
3612956
1950323
634063
3860528
3684344
4412512
2052066
3447244
1414549
1353049
1585359
155171
3369779
232329
3029932
3440162
637028
1824541
969425
4966607
2677276
4543638
3907806
4177695
3216722
2110889
3486728
3974800
1165788
3910236
1915891
4778744
860559
66306
1155624
4544903
4478819
724042
508500
3409720
4593444
4610211
1081244
2963223
4842540
4111176
3919738
479569
935717
2405515
2962528
1129346
1949153
4386686
307041
2682227
4013928
1310121
1657027
179716
220357
1089271
2474812
3597269
1155577
3630436
3142172
3150748
4354478
1167024
4076821
3947922
777236
158065
4427498
3136128
1785593
3347236
3615697
2721311
752751
4094578
1367009
218256
3481264
4190402
416835
2495192
3016875
4590214
191260
753584
679485
2666072
4350853
4351415
1296508
9378
2502163
3167339
1176402
4095336
2115261
4469990
4253401
4059111
2606119
1038995
4922699
3738168
1276658
3191802
2832746
160019
3410058
3830363
4350421
3826893
3841907
4883648
3417108
4033168
637232
1612945
1699240
4988086
3480712
512101
4997464
3499228
3679440
3690218
2594564
3311053
3160209
1847966
2370165
3282680
403313
2292864
2020848
4196323
484667
2369947
4356342
1411077
3716662
1223115
2754323
2558569
1106763
3687783
1591737
1743995
300728
807330
4248433
3781441
1319431
1762249
2280669
4998871
2968820
2391585
3309924
1129029
4239551
3196441
1928061
2159216
489306
3948909
1355539
3490325
3835208
711881
4901402
2551870
4451348
2655725
2626792
558111
1343508
1734881
4818459
4160589
2542211
1583244
458382
3861642
3345494
255403
1376865
1314314
2646988
2203142
4959695
4402892
399583
1887756
1562108
3405241
3353017
434000
1895566
4704578
3662233
4313321
4772800
3113582
4485398
2399592
3671693
828907
4134474
1006504
2505848
4193037
2589749
480582
571032
3451595
735985
1947897
4765909
899325
1667391
2241956
2818569
4583327
1646064
4380678
2988568
2515433
2331030
2400487
2220011
993263
4230160
4509164
4106845
3715558
1908756
294891
2060817
3559582
3817747
4566665
268972
1407496
2563599
840004
4859091
815936
304253
2141352
1715262
1971645
4383308
4533831
1554972
3545724
1430861
2059892
1061158
3761891
1976731
3281169
2271507
1206891
306685
3894704
2438802
2215442
1705947
4499619
3291376
523695
1582637
3560348
1931191
4146236
1916704
4306635
4962173
2220958
1447987
4193787
1708955
3347648
1243970
3263927
1893372
2674832
2840171
470882
3953075
2333255
3752052
3740934
1056498
1575089
2635639
3495300
3790531
4341586
511272
4598260
2381633
2093909
674960
1829177
1240145
2591665
1135812
1202318
4812623
100151
396105
4037930
964151
1640076
2301857
2857524
1831260
2658380
844758
3300687
2507987
4596810
2041622
1080838
3688252
2193613
2092490
2478783
4051551
2603762
4593395
1433185
4697671
2784708
3262362
937817
376373
1914526
4656487
2705348
4531029
2568945
1743278
495181
1725373
1561487
869057
1072985
1736219
1713815
4373672
1760559
3826978
3931646
2841397
2515230
3641611
4933887
2510365
2693163
2537650
2103761
1642700
2235321
2404821
4905062
689490
2781194
4335940
2862330
3002894
3866969
2947627
2262524
4362150
4673000
3824011
2747559
3262337
3076582
4461375
2636009
4837141
3288353
4084008
2678538
3319935
2725619
128778
830300
2935134
2666428
450413
4577834
2418101
2855234
1999248
623944
3152780
1335188
3486274
1155674
2718510
1433901
3418198
4597012
3623253
4758561
2344572
1885590
2835144
1805947
2037951
