1000
215254
717004
50374
909156
343046
731821
107061
694148
113366
357085
105186
280146
882184
71766
486478
163651
38175
497187
128830
444544
616452
163989
327369
332852
494562
662418
459846
657727
75327
710043
410304
290581
427047
977030
199738
286446
708851
823151
980594
338570
180237
602133
618716
578773
190251
621547
742424
228426
118734
871254
189322
735187
551595
516691
68039
46158
695461
44237
220237
770789
754281
630541
577722
697680
607572
293812
500478
832775
116964
481073
171345
813553
599558
306414
392326
789809
444313
651103
534587
563047
38709
723909
814586
590305
756953
398977
152815
452414
443215
373052
739555
713848
519946
317278
927880
643870
127442
428359
992997
244406
909432
680695
574311
25342
987109
482990
331503
947774
134093
866090
510821
689154
589999
841760
279459
346952
240737
948626
799367
200304
838031
538922
914152
357977
372552
842033
518199
499995
786744
511196
260753
212528
191891
835065
237870
695352
834407
569373
643126
968500
435463
670300
657654
25462
512060
453466
888767
752797
918444
688134
953102
756475
743408
383606
114452
115961
741991
149003
132308
528735
660200
909413
741263
368443
744478
979133
63796
578885
64858
223274
63737
500321
893574
237744
42136
921986
207562
930903
674784
126006
135389
144238
882482
878797
44196
513286
511110
786188
178642
159770
314923
838842
69184
572539
723637
330014
68024
303785
425252
132883
527060
5341
633204
936986
243085
191692
858973
966999
122595
50109
93006
774336
710699
491840
169486
754895
521478
196948
57435
700120
356719
888711
55314
942255
461250
778952
788621
529274
82737
213873
662157
126149
219215
811714
63136
978652
3406
438461
945652
642354
488570
555010
933042
199269
563202
102528
470516
84680
299477
527952
301153
172548
416663
356467
631155
394265
651771
419776
923539
734509
633650
102049
377010
369217
430115
956498
864221
949873
394959
326225
108579
883529
881235
41622
599150
444437
144150
586019
45470
959979
630323
346623
648879
563338
219442
280034
957603
871214
699811
397494
122075
849813
15895
499085
735382
446010
455584
599603
395884
850543
925829
504463
250425
323416
62437
365927
284206
206588
951946
846028
682919
98621
192651
848151
661959
412093
128185
619562
799659
344348
533409
921734
710513
549304
420820
445895
995315
392756
561851
907551
243299
487680
928366
10076
327448
990804
376004
611654
197392
844302
457682
396663
942924
166685
244814
121235
95131
889352
740798
894790
750052
790559
816525
460566
339863
753697
422813
851530
146453
984664
759081
906104
988696
687448
916181
316145
678252
808537
444151
391996
652839
418186
305011
112115
584871
66178
233351
680002
955530
490501
91145
221934
281060
907670
682500
620923
177719
621666
988806
324172
606330
747887
230276
595027
951687
146457
427524
146291
954994
871675
54639
124186
289861
359651
752653
391085
425829
986004
587439
897711
992857
678584
635997
273917
102606
834850
411193
280325
456516
399999
120849
579198
664238
351126
690577
615926
13935
118101
278569
485282
506129
333209
125820
312342
692860
878473
703427
635041
380830
290867
49104
373687
969451
685101
163957
588410
36303
575150
385087
492819
491501
505937
72018
155739
373415
762595
288017
903702
397049
566587
905336
903178
416148
31156
215520
625360
425982
918948
260401
806812
726167
825857
696851
211970
27310
377160
800380
63614
952310
185468
556433
960163
207757
144803
632255
581172
907399
920272
484874
304448
3211
390211
723978
419359
937719
939498
561071
363701
374798
821472
686865
617317
163681
900069
829288
190992
277229
146020
770958
229540
331488
327391
706055
539245
472195
338310
636769
895946
258583
121644
716746
778146
28207
440724
713858
965926
896574
274929
329628
271373
612754
532845
888690
292787
432914
234330
483779
710144
380351
254737
456036
711839
98481
162091
767437
87028
500402
920558
499326
275337
42202
216072
569835
70409
173148
283693
552688
69722
74975
882316
341095
204081
415161
746138
496868
848076
980468
497000
74572
360819
751737
530608
589011
366570
692699
872800
969950
709453
793358
469276
501142
351913
201700
70978
938674
374848
871023
491362
444571
945998
890030
302018
666431
305192
564508
163300
669620
544977
660300
260544
422148
928389
791152
527511
294960
203
400311
264910
709657
710022
250539
727151
578287
452239
798129
516961
827088
669153
8324
788011
131503
898354
90029
797935
719898
654538
961235
905870
715867
137887
166414
654367
66276
473918
181879
361236
474122
98542
142499
700131
324916
909390
427282
903203
361629
225412
420165
705069
410917
428489
493080
542420
843195
99462
856707
79446
270352
817942
985316
986219
472181
668083
640586
538458
142001
338817
416046
616123
437360
74897
832606
762276
984287
259889
665480
345917
1653
601997
50986
412570
546838
544067
471342
390033
159881
328050
985831
430233
662344
487500
932804
134526
155583
573390
672984
813936
428560
605382
946412
382272
680280
779018
144548
664567
555259
326380
10484
556912
928377
577823
485834
475215
638242
957177
381601
798123
285227
367432
228356
463923
371284
161160
598449
526867
250902
787785
857156
195814
393168
803568
578086
73448
582586
722635
738015
654198
565367
264852
211110
10097
842675
696945
1664
480917
654122
383265
795392
455701
267050
540100
919624
638334
701260
34426
681554
468514
822211
538710
664329
731731
342278
242415
805179
441216
481402
59547
95414
563122
324399
306525
573219
683426
519822
574883
680695
690296
474501
476087
145997
741551
16187
581973
379885
233799
132751
61439
218665
471315
116501
399346
203046
458779
158114
524578
899996
155868
100477
995410
718990
941228
818287
808561
624654
338109
383445
821701
28405
374298
297788
690754
115849
830327
789080
12086
580478
921831
589878
315495
909498
706379
231194
112545
165159
389308
153475
581507
545176
253952
93269
780519
195180
911557
589080
336186
766018
488877
157887
310776
863175
972027
517882
495376
318706
306962
507463
899184
745146
613693
731031
654644
320072
962225
283541
1583
351533
953368
583090
413062
723672
192712
709933
435204
104269
299013
771390
386639
304243
445629
697415
167418
417656
215298
179147
736362
38612
202962
151898
300110
816655
399282
954755
653079
361507
754648
654663
229393
708017
754105
158807
431689
946817
868740
866894
567438
167753
154636
470430
988348
600266
684197
672119
17922
415847
851266
270637
454460
54228
938887
754570
387235
338169
225677
40314
699677
980326
211329
445422
204695
481787
604229
152736
944956
472969
535982
28747
157074
690619
499177
145423
807237
183374
817542
341511
599222
185160
612148
570034
755740
551036
324604
142975
889205
66634
699641
105234
46960
910971
550656
768007
392758
154885
920743
337714
144206
973078
882813
817633
180049
381990
963056
987286
81717
296950
328797
680939
998462
457298
767325
754202
524686
91929
897177
413891
674915
596818
35478
238227
24141
586134
6234
416899
257372
443330
270966
917930
416408
670131
735563
112809
52122
214971
100095
133839
28273
945244
331130
26735
402542
98455
780937
