10000
5027862
4721570
5398149
5755881
2561889
2875860
7911895
3268248
8284459
982767
6241933
440366
4530253
2104259
2266923
8201730
9756372
5821884
3221491
2809222
3048955
8632551
2352570
7322943
7588451
851821
3189492
4478155
7962705
7977303
6941043
5506919
5215225
2339192
3779152
7777114
7731404
4207399
3561714
6015864
5190167
9803648
8972582
2236772
1907907
1239505
2954854
4180631
7061390
6176345
9506206
2626697
7325249
1858776
2465992
7430052
2710598
5655484
1908208
3189655
6149139
1365603
1212926
1364364
6221148
7508430
1657830
3952552
1715830
5219544
2484768
9422349
7539544
3973702
4175473
1963804
5213208
7130327
6144435
4790950
5823024
8166993
9933999
3148273
2542122
2399991
578326
7769072
571827
5002886
958727
6720966
6368489
4688005
8085330
5105989
4712787
2259512
9058542
6428617
7479056
4059662
8367318
7534953
8033365
5059143
9498757
5762925
2189470
5643192
3070227
8012495
3810186
3004226
3677120
8868660
7920569
6771798
6637732
8492396
4291036
112811
7729714
3175878
4800816
8331396
8281867
9513603
590908
9856761
8458573
586316
6432776
9342243
8121269
4466141
4401387
7620026
2745418
9107209
5779571
8331997
9636056
2106109
3852575
5829529
974769
1773144
2601327
7612501
2781892
9408716
7725312
3027958
2584594
5042480
1359354
866461
7072435
4466614
3239575
5531008
5052930
9672351
7389604
5690552
6654844
4307343
3310578
1916614
3414552
9090149
248611
3050609
3712610
4101186
8880138
4687379
8390682
3997817
2299880
3688926
3406533
2541544
6716884
8507479
7584024
8076238
1890293
4656460
5059204
5129868
2703820
112134
7318571
2609776
5802686
3973415
6917119
1629617
5890029
331672
3236118
6138640
5898633
6948729
2756178
7295123
1636108
1146860
1292940
6452341
4835786
7215826
1510237
4069022
8239657
9094262
4661612
129950
6267074
9720816
7776170
1487246
9832950
5094741
4097023
8151989
1584508
1014142
9781606
7474537
3862166
3017724
6129529
2277151
2482805
8885707
9572274
6635266
2548919
3381567
5603959
9901057
3113745
7114196
3970079
1353402
8724810
8631691
3999705
7508236
868859
4292227
8995483
3218162
9386969
5608858
1370151
3487829
9139352
3668109
962367
3001519
9202185
9608248
5278670
4201343
1010308
7367297
836609
3559227
748864
6440568
3460285
3862609
3554764
9946716
7732363
4795927
1094760
1732068
2304163
1963619
6024296
3815998
7698133
7927617
9424856
1584636
1415446
8564209
5252745
4894165
4082080
6971283
7018766
1877102
1172626
8029074
9244399
2009235
1588301
2509615
966155
7564938
6372224
7037271
28007
4104588
1833198
1122767
8353008
4137362
5602738
6893656
469712
3300872
4821273
9894569
4885508
8753072
975130
2654606
6163589
5057210
9625889
3182355
9450664
3314867
1211429
8695064
5324102
5316083
3721031
6290257
2881021
93256
5843880
2909028
6714196
7677079
6548147
7583556
4330793
2150886
4477213
4800505
7968110
9298486
7211426
5369970
567910
8186556
8024576
6731500
5760118
166817
2430207
5210783
3481684
3641637
6422199
1322138
1474072
143230
128747
6871445
236486
5972628
9780474
9467034
3649707
8844973
7050591
496852
3512211
1527804
5297357
3996673
3342642
2508784
9366644
3910553
3211692
7391220
3158405
8971811
74390
5588612
4182594
3556074
1746601
604793
4878213
3220673
748023
7523312
92119
3500862
3495940
2388945
5484248
7145647
1233918
2534839
158851
7262482
6578995
5456209
1259155
2437990
481345
625799
8864895
6209389
533372
2023300
5181200
607762
7611912
1880146
6680188
9358514
2484939
4074753
5095539
5749315
1598066
5187658
1766529
5094006
7576603
7250777
4756006
1326874
2301969
4914857
1105708
1397316
2887418
2364863
3835306
5885115
5507015
2700201
2094505
8556739
4723501
7275705
9164501
4851766
9155852
8361041
6726632
4157143
2435795
1822171
2422810
4033861
9526182
4189339
1644219
9619137
1440117
6400225
946011
3742086
3831435
2051719
7655754
9235205
6932935
1491061
5120321
2439950
4191262
7214826
996689
1431116
7006883
2677542
8799234
8679087
1038583
5525866
5352583
5990730
9864389
7775393
2540943
9390571
1964733
4185163
9009709
5921202
3101740
2472072
2179640
9449527
7040144
9835394
8684733
6489431
1326455
3805054
1445733
8034070
3536232
4958774
1981538
3059467
7636316
780772
1738555
1191251
6306638
9607490
9698334
8687379
7382883
2239277
8077951
1863968
8940792
9604012
7785170
2042533
4592436
9964810
1492060
4148932
2316557
2693145
638363
6159364
9014551
2084096
4193434
2550783
7042870
6174972
5610251
7195538
6955744
9865158
903142
5778734
1989000
601476
4466114
9371883
2840753
5060417
3752204
1781546
4664429
1537374
6340431
1773217
4018537
348843
8438502
8851446
3041989
9076865
5010810
2056540
3677314
9204245
7123676
3236536
7895569
5250279
2948427
7367666
7631789
3851569
3146400
9620789
6969397
128866
1509024
2326502
5189283
5261228
4108048
2370064
9314955
2964831
6659634
5849844
5830027
5098136
4701290
8872016
4175001
2228452
3444908
368667
1432697
568584
6121556
1844619
8335215
9069983
9212285
5967004
5437904
4875037
5587793
2407301
5003904
9613170
4733803
2709539
4874398
1358204
5079604
6705705
6839387
4255590
5071901
2669414
9353726
9773191
1541430
6045079
2001644
7502691
6413747
5950693
587627
5051655
311664
8922843
4121638
2040301
4889847
2075894
6915339
2993993
4483195
4435595
2607163
9216998
9661486
9997913
3091554
7257442
9219971
9930942
1513032
4291872
2600356
866758
6581416
6658139
6911838
8583060
4160830
5841937
7050105
4748457
3409944
9878122
3671300
7531582
1918423
1077500
9607476
1350114
4071493
6607023
8302061
9195008
8340373
7963548
1709273
1431928
5220990
929244
3879222
9250375
5221117
6479578
2633485
1802533
5654069
2061675
2901945
9814899
7903612
2468402
7079709
1313556
2346524
751009
1361490
4264948
4344861
3485318
8131414
8416354
2608693
6433476
127714
949067
6913376
1836988
4897347
4650718
2766232
8776569
3901093
7987349
7772499
6534579
2306234
3426569
8596254
5208179
5757820
9016219
7676582
2837529
2846127
2539458
3588539
6723970
9320758
7933400
209288
7452173
8866107
5334334
6402001
8993821
6283401
3315377
3347161
3697100
7966095
6113394
2473669
4383541
6617095
2762520
918120
1439682
6189089
2030726
6647861
1946910
1046945
6840795
4784439
6409425
9380254
889330
3133395
1217364
1339083
5859035
8669537
205190
1193369
5071538
1715363
9993122
903267
5062525
3690222
1385715
3692271
8680243
5769256
2825718
1442764
9203728
4265400
148205
1234454
3429614
2095115
4797752
270409
9395907
1207177
2167015
285237
6856924
5900732
4140672
5232311
4570269
4345862
8942033
2158160
8577578
8935155
5577779
6156455
5141730
6963494
9848726
3821973
2732750
5190796
7781089
1936478
9456197
7929295
3170933
2885811
2540762
485037
5672572
4453021
4208566
355940
7254611
1065490
6256672
1395283
8814153
3343293
8257498
7756186
5501453
6835076
9207694
1079233
5507883
4349424
8042727
5356609
687749
3291830
547405
985191
5228308
2519954
1430838
915593
5405765
3971600
1400630
3594690
940974
5609196
3950630
8195585
9191038
2723654
9590868
8005192
6066947
7848366
8277730
1568401
7199794
7485424
5163986
2707677
4351200
5723065
580638
7555302
9014895
3644396
8540493
4243204
6164350
2487683
7675149
4086468
8975635
9075780
7681158
9916609
7201328
4148140
8112194
6392367
6871794
219415
6913911
2938741
8067781
5191641
7023494
7783928
2677066
4703832
491605
9544618
2943250
3588596
7099920
1958145
7232992
8156765
8717701
3397342
644448
6392851
162
9620084
7984983
197672
9536693
5186311
4345812
165240
1578678
3733958
384655
8492589
6672700
968788
6200583
6212546
8752716
8877649
3432731
1760674
8422267
6375981
5349270
8038540
8334126
2582262
6195305
9568180
8495956
9356106
8477383
8496119
1492542
6462366
8693791
1029235
1648677
5555956
3710827
5743708
9289914
4095482
6752649
8478966
5064271
2953232
7207865
6333339
4347233
640596
8094013
5285853
7016577
3443283
3324393
7867055
8541897
2036050
7435235
9554206
1392156
8428970
566677
2884698
4891336
1776820
6430286
9056366
7332776
2657465
7316426
9139043
9269300
4069075
134361
4333571
7022308
7342226
3183262
1369541
7982822
1277276
9171746
7515751
7236911
2496139
5382807
8295161
7048542
5334394
7849367
8440698
6279717
8416044
3841749
1171053
2709216
2788387
2743771
41993
7962204
60197
1697388
7231504
4129273
1831749
4081427
3667933
9173976
7264690
7553826
9673150
1058318
6725573
9705254
8295229
1738064
7604413
9106742
8786606
2938807
9472461
9743657
9218524
404857
6101758
2905930
3114074
1406497
5649701
3156067
9368701
8226251
4853455
6600206
2355524
9201556
681633
8539809
8375532
462675
8609987
565035
1520993
5335560
270289
2332575
9589977
7874702
1439317
8376583
3329861
911779
8120240
5064738
3832988
6738350
7970668
6947062
8144847
6136721
103129
7513549
4362972
7472936
6630107
9234848
6674493
9828092
291009
7566377
290768
8900997
8131412
1811761
6752909
918053
4144336
6342886
8792755
8100006
4719470
4638969
1528137
5356062
9703707
5361125
2094413
190727
2308188
239260
6327448
4927669
269161
3206773
4916958
6899268
4957973
4107803
6727361
7765335
1674180
7018129
6666332
2321945
1346242
3419241
3239998
5490579
9762128
4549106
6106937
6997950
9188075
7635074
2354012
8891782
2996199
4448425
1598861
5304387
7204038
442661
232057
9989551
3649434
5149015
9405172
1123760
9256818
6132533
8889095
3447350
5667014
8071779
5769295
9529608
1491020
1525646
7536539
3769500
8591104
3643476
767450
7779179
1278550
3121463
9187313
4274750
86240
786174
9579137
9806630
1228835
2327546
9796182
7394622
9992913
9201354
1034734
9249731
7850239
2440181
5213434
6033605
511960
3499081
5563213
2002980
5024727
3099753
5772481
6132183
6743229
9056283
6427714
538132
2177746
5615027
4812882
4780339
8917553
6908371
4586969
2662741
9235918
6899503
2573715
9228831
8617209
3608449
994915
6467448
6048630
6208349
5017405
9076942
9707430
580619
3596274
7248510
6196724
1885107
5897045
5456305
941391
2324760
5994437
5635489
456139
807319
415828
1890045
7715691
7519150
4552786
9467961
6935005
9642853
8696792
5552215
3251302
2208059
2019663
1816284
8416408
7037069
3409578
640191
134040
7005852
405053
6330764
8890960
6302098
4303421
9832351
8626858
297859
5467840
9082998
1105178
8400021
973043
1337221
5919171
8042181
805182
5370528
7685034
2018327
922743
3452688
6742738
5458759
7785324
7675499
5012180
1194902
8315690
5146220
717106
1237095
3993336
9608066
7539193
8296757
1956769
6166052
8594616
9940962
7765402
2216147
8340983
1254797
6069720
6776506
1813330
9391255
2147034
9498364
3925934
3069778
5467404
668672
8528537
5769080
8344171
3540717
9480334
9176213
1203289
197440
413308
7712977
2321859
7952502
6009734
4278628
6634906
7120703
4219590
6916660
1853202
2560573
8171457
7922922
1853431
2501139
9830529
4000466
4515855
3756463
9586596
9983259
4425136
631485
8268691
5285659
6688554
7749025
4461873
7891843
7946465
4875181
5604820
2784676
5344035
4130906
7063305
1978941
3767961
3799247
1411953
5621163
8876173
2099762
6060438
729604
4600901
5890967
7246422
9116756
2163783
6833018
1616367
6588919
9980855
9885058
4390930
6669409
7634083
8852803
7077604
8096901
6244337
2682424
881577
1588372
9329683
461234
6083666
3097644
4260482
7495619
1235160
3136655
9595382
9811950
6382611
6712635
8219269
3629034
5829392
383052
2978404
7445759
9488323
2959260
7330818
3879254
9628669
7481253
5248409
6706274
5578154
1492746
1905050
8976084
5597471
3751085
9437318
1681137
9365082
6214152
1693108
3116594
1867159
3804842
2928544
8249771
517478
3664165
1878805
8863222
4047218
7373561
6308981
6051893
332821
6156151
2447499
2477843
6153757
7695909
1700469
4248263
1705007
6121871
3224347
7302478
2389309
5178018
1499967
1754391
3908522
3193076
4870985
5775682
6997918
315881
4025453
31748
3980046
8420610
8894970
543616
5794171
7720304
9111862
8643345
6392807
1559361
3637540
2546564
1771622
5338009
6794828
3476630
3976232
2535527
779108
6365541
7713545
2279076
8119932
1622068
7988504
5507269
7397750
7502774
8339502
3939555
7534523
2319549
2360165
8945845
5379517
670688
9182501
4491379
9314033
5575309
8567093
2951573
638225
338715
805934
7433053
6331697
4782167
9968581
7110806
3664060
198478
1906234
4300345
4336898
2411090
9807614
4251000
9913864
8147117
8190555
9964739
2983018
3067072
1426937
878887
3737761
609438
7886619
5568146
8701099
6453712
8519720
9339325
9308779
1842006
9288730
5640477
9140525
9257311
5267635
2804586
1972142
7173869
7104931
6309040
9584959
6912545
560041
2015175
7576014
1266948
1979915
3075384
4334021
3406852
3954272
588134
4016290
1840891
6156280
5233742
8294603
7192352
4573067
119734
9034359
3861797
5760211
8174884
5635461
1027846
979470
123955
718067
600753
6432995
2819378
7513299
9509388
4834554
7605665
3292689
6814469
681050
143062
2737673
4635322
731196
9270315
8992565
6887476
4504057
9803520
6596181
9077124
9923254
5630540
5455274
5683466
6321776
1090735
9227664
9817599
1214690
9945732
418352
164037
2765110
448003
2189778
7599664
8053669
5482467
6930485
1251071
5625529
9668158
5886393
8873077
8938474
7395310
5760553
3442531
7198830
4873086
5036008
7122084
503626
3007634
5321902
9341755
4098369
4549567
9159354
7829411
7011651
2094058
509800
9776761
2542062
5215930
9892778
3112083
698397
9339615
4363154
8840278
9007774
2765899
7713355
462600
161209
5990261
6421483
7360039
863347
3973843
4482123
3883326
6981477
9804026
5741433
3596198
6869945
7417139
3941961
3881596
9511197
4451762
6174709
4569611
9667692
6067487
7681694
2882442
7923455
4561200
4239072
6931229
7327099
1952428
9910181
4660
459041
6331664
9881051
1322388
305508
6879527
7722066
7286985
9199905
3463499
883184
6069850
880638
7341497
2467798
2908188
1793259
8642507
7477799
3977304
7226347
7675846
9376098
5149802
2237046
3615170
4597383
2080498
8083950
4507564
4601510
8542991
839228
4482562
2381732
3661088
1362089
103798
3464426
561994
6083650
6863962
9148196
9480640
4205459
1615994
2388828
8515071
258501
9866628
2492375
7484848
7542474
1868473
5151002
2295872
7999995
9748385
4376370
6083946
4255949
8977881
4626937
7611530
3460443
7008669
1272618
7338884
9628820
4737044
7900878
8228822
1601006
7049074
7709462
8322818
8665068
98291
6837889
1439921
2481271
9330264
8924770
23745
3715089
4075772
2319617
1715084
6340510
9212340
315382
596459
706573
4942320
8207989
4167016
4467341
1996960
4022252
6612513
9250356
1923130
4841335
3367715
1488556
2550798
1690533
2669976
2649089
8528422
4109897
7646712
375038
5551019
7670457
4090127
2143144
2506426
8321563
8483654
4235118
8636946
9080113
4941691
6095618
9804455
1625059
3079311
1801415
5647311
9691825
3568123
86793
4533160
6935838
1575349
9600310
8626371
6761677
4765751
7154793
871575
2412463
46183
8938946
2599272
6652662
1082090
5105699
4974226
9565744
1857169
6127524
1162210
6798861
4739494
3483017
8423920
7818805
7800784
6587584
7510630
1368907
6674377
4560143
8304746
766079
4160453
9447469
7527756
8926205
9118615
915683
1338668
9164798
9854630
3937941
5817461
3453072
1559992
3308039
5535169
3417161
1951915
6697379
2732374
6691409
2696748
1156295
4510214
497532
260231
4537197
1866439
6934608
9097340
2687537
7700687
3257793
2135007
7744796
4700350
1253622
8660479
6039019
2934772
1031461
2493312
8752233
4484534
4053304
4576624
19703
9986817
6528539
9233434
2719192
3219948
1930182
6391839
246515
4944066
6652070
4783712
9326857
6103030
3881052
2014395
6320070
9655197
6665754
4064866
4355548
435728
5241697
2910919
3370500
6273159
5404231
4639086
3274045
1973887
9215710
3293748
1960704
5744250
5043534
4679896
1480550
6973716
1071735
1727065
1917782
240157
9027129
1244639
6343188
2908181
5775386
2663258
5079731
4957492
9244476
1951631
5393220
4486173
4862550
1280073
3275684
266781
8435511
9066081
2240668
7651221
2359829
6717724
5911823
9919715
1397621
7392374
9409783
4985708
1635791
1327565
5225866
662921
5088557
4085406
6087454
3380295
9265016
1167185
8337788
8509492
3118816
6247360
5512017
497718
7527433
1304054
3280851
5962944
370135
5521519
6130518
5246317
4755596
2042341
5166032
6153217
1951067
4575816
3655277
3586859
8419733
1397495
4249780
6024642
5482901
337234
1921290
4747917
4020772
259078
5773761
9655940
6506438
3802131
153659
6550224
5106185
3434510
5029520
7992672
1472382
1160038
3238989
6227978
5718732
921374
4897547
7669799
8013542
8552824
3773010
8949627
9950320
8022790
4974270
7949573
876377
9411912
5213843
7413501
9670990
987604
7069441
8693780
7306087
7223100
7760356
2412272
3173963
2789877
2921297
4646345
3949915
6160286
3390675
9668647
9598012
8288222
9854799
7611554
9357398
3627809
9077534
1824070
4166952
6568156
9773644
7559681
5980068
4987487
4973182
5651058
8491443
2042623
6861190
5797531
1782076
4621547
726155
4956039
7411424
3647452
2118736
3877691
2324091
5509411
6062691
4438455
6313985
5917490
4566362
5671383
2061651
3643896
7495454
6228603
212052
9785450
3788284
6192120
4772937
8761466
4359530
5780732
3320442
3737072
4094615
5102518
8358619
7337123
2574909
8286395
984575
4693645
2164087
5825018
2719408
8226778
2779826
1549745
6660620
7346188
7221128
8722271
3506436
7232934
7467227
3718488
7018384
3771863
2426960
4307673
5049682
9302842
2604758
8370124
3039914
6699373
5988994
3914886
4036496
8563903
2201281
7537424
5773900
4365368
5878794
1009660
5108498
8658620
2559405
1769118
6004808
9780533
3007742
9511244
9529820
2991321
5746084
9064556
6763184
689396
3372230
1812866
9992238
5976988
182990
5548505
5192713
6171984
9463391
9229210
7252239
1664672
6766634
5542491
8546393
2645428
6552151
3654891
3820401
9111556
7940362
2341561
1408442
948104
1852806
938262
3939425
115242
2519170
702609
804639
5891400
5031828
3313229
4384740
5214818
8861734
9577454
3903155
841477
8806664
3671746
2506150
8089650
9214238
1052543
3251430
5766389
7223786
7071831
7394298
5164148
9413393
1319092
8628604
3782551
2257354
5084381
6414145
7292876
8303343
9735136
3184277
3335171
3048366
85369
8549989
4426452
9662823
4969496
5267930
985839
8641243
290432
1591841
371833
3859327
4843272
8654574
1083113
4431455
6048872
6247262
6361200
7367964
4875866
2660103
2141670
9960248
9074249
9434547
8263591
8809385
5135176
4115114
4374103
5220545
5181455
8800556
4883369
150952
6584838
8385560
1308547
6875270
9977402
1680380
734597
7337026
334954
1817710
4284833
8900179
581324
3162386
6268143
7973543
5822489
926166
450143
7413090
360713
1230086
6222476
8012241
5345200
3112931
3232786
526655
1913487
632507
3193959
1014677
9018068
4502506
7889947
1511822
8699238
1140896
1365200
1550545
5474959
8166385
450724
6056283
1328771
9235219
6546178
7151261
2677737
6996321
7080703
3038450
8226407
3303179
3567043
3571607
8932463
6799830
6614615
845950
9948689
9808574
4376980
1483109
4311081
2266927
2994931
5526671
5924176
6876483
7077216
1399135
5042869
44292
9971770
8887992
9279512
6517949
6039253
1957249
3514270
5636309
7512052
4257030
1455840
1079095
344989
388303
395277
6959604
3750606
343967
9284531
8127586
1827076
6111964
394513
7338360
1638635
6318689
4214843
8715852
234176
1774064
1276496
205947
662057
556008
6723896
9217662
5029610
2754518
4853971
5058014
7011548
6309812
8653461
9872890
6698115
9048739
6832494
448721
1909058
8633377
1092659
6252486
4745341
1487173
3590846
6383977
322214
322042
7616181
556391
4612458
8892677
3278690
5274515
1965038
2586
7008530
6994648
5273456
1862501
4569014
4801357
688665
3222475
4674247
9903133
2271214
4023093
2868206
6696624
2656471
3960866
2949111
7401812
7964391
6539957
6302141
802957
9378351
3918322
3875700
3990810
5327352
7154390
1781677
7292390
9673328
8790207
6803390
4946785
3169061
1372404
9748142
3857726
4594879
6938741
6277211
9382446
961834
9145418
6079070
3618305
5622636
1544533
3536470
3587027
600843
9838611
4389984
9979194
6273286
8265685
6486356
1600638
5420075
8268034
1409380
7609756
7058241
8212770
2556541
227302
9585174
4821035
6601381
6696405
1759776
2878592
8595203
5237962
4540362
7190626
1372620
162998
8735159
4909090
3750025
9336002
7264053
656362
1831549
3537339
8922047
8317905
7654329
6858474
9102291
9063709
6984582
6160533
9792831
2057475
8904187
1894357
6878510
5505568
8590763
1154638
900513
7185966
8908953
5440875
6892944
281573
5603874
5628104
7707015
1870251
7480458
7487420
2526613
1828359
3541112
3965012
146265
1195441
3339839
1764908
2775503
324421
7925441
2568334
2381897
9345981
4462692
1776759
7367901
3053455
5447750
8268414
2755773
4356703
6225642
2165070
7154628
1829516
7793174
4861643
6216119
7789984
2349063
1259085
9618344
5890175
5224097
2280961
9601969
1080288
4045869
2377472
1404710
4487663
4945806
6302959
3833644
9408498
596070
3717897
4978305
6043820
1986312
250431
2916875
8211954
4931853
71503
2557822
2725027
7449498
8773941
3031363
9798562
33026
5166059
8205089
7773476
7447020
7807058
8853764
4009242
2700882
2774826
8496905
7646689
1594137
4846901
9571539
2190208
8564798
7066197
750380
3067462
9832980
6183608
3795768
4764833
6255111
6353590
6212
3704610
7643884
5553927
6019524
193262
719987
4224613
483090
8167007
4548024
9336855
2176249
7248906
4628033
3189506
7411947
6222171
552759
9499839
928731
1633910
9082388
4195463
4701372
1431720
379071
8497141
6196553
6634183
7367083
8719117
2855145
7527319
4273044
1391021
236934
4993031
8131986
720024
5676391
2680010
56879
368992
2445269
7201265
6074851
2373568
5939788
6627610
1873407
6868519
8261520
955795
1063982
5479245
4903867
3959406
6492738
1100420
3109941
6376173
2335889
5965086
3903493
6608934
7356107
4140427
4118317
5488093
4860451
9794708
684456
7433683
2680053
3129725
4634948
8754904
8019645
574736
5382514
9893053
9959607
6160387
3365200
3539941
1639632
8269068
7499347
648722
1885840
609288
7024895
4221730
9090726
3444740
3347016
8963185
101519
7465333
6967631
7478323
9776394
7652087
4912006
2456447
3298164
2063306
1211351
1317809
5154394
9110217
3727214
7630353
5270604
9608767
1170294
9426588
7877835
1185994
75310
9763675
4311634
9616558
6501757
5918713
5577650
9848773
4881898
5679170
9830459
4365881
3157493
9606853
2017968
585851
2063300
7832484
2649157
5791003
1666646
319903
4901220
7910212
466608
171825
7518979
1636902
2114765
5396814
5339248
4706428
7676842
2167235
6839338
6694951
8085948
2416988
6543725
2967846
8096158
8890536
9850080
3770003
8497389
1868048
4355854
3077041
2216885
9521363
1384396
6399883
2357618
6285616
4310095
2824226
8973793
1829075
6977481
1088559
9742241
2316729
8311339
9935435
4483964
5150677
6630387
2569912
7567665
5690464
8054111
8180176
4581000
7904191
1950179
5594741
2288591
6306034
1188134
7021828
8343749
2572530
5938063
701368
1374498
248159
3525594
348292
4593586
503075
3953203
6852179
2819805
2264542
6787615
9820121
9931571
3418002
4906386
15588
1624818
5476849
8195764
6205818
5897392
145944
4316911
702335
8968330
8021397
7724164
7312079
593927
3662227
8013447
1968425
6426738
4055394
4833069
3536676
4558469
8786272
388856
9894626
3567166
7176471
9714748
3498737
3110825
7137486
3514326
4735643
2614335
4226442
3457813
8511727
4372386
291076
9214062
5857068
8312473
9454578
5685500
8906400
5633158
6215299
3391177
2059896
270693
8224247
8112925
4829163
9526871
8501781
7240141
3094038
8194604
6954889
9109127
1305429
6608727
5139805
8557424
9223062
9366248
4531589
251141
6254986
4822665
1981556
4628407
3135138
1436134
313907
4557890
9585644
6529206
465419
4161893
6799900
1206018
2274818
4145415
732890
776599
1385556
6343280
8971203
856798
5452407
2792984
7465525
3108565
1350408
9204940
2474813
8398349
1972433
1246151
3221014
3953989
5874558
8872504
7906476
6188465
5946746
7492120
2717672
6412165
1654013
2033924
7618184
3928831
6179339
8351074
7221782
7564895
7210706
8709337
8421693
2663113
1502321
8403571
8288030
5369081
124863
762843
3767430
2097296
4525347
9504796
6051286
399905
8377300
3957762
9104723
4324046
1449882
1822395
3252564
3103896
6372671
870748
9549079
2552010
1738174
6770862
2633257
8948880
5480199
3571303
4128345
9498873
1974874
2416376
7384306
2099737
5695571
1151737
4197033
220918
3172885
2764671
3137176
1550186
6722433
2241899
8390584
688668
6580646
1643148
6308916
2953317
5030248
5857995
8021679
9284774
2628857
654936
750006
625409
4226239
4878352
124282
8717465
9811080
24940
3333554
5506651
1176677
46940
8243922
6865915
2811611
1381098
932453
2050397
3622997
9323037
2739065
2719995
3482538
9047981
5673312
1029138
7422328
3694991
313913
2567538
6866279
3580271
3192947
1092519
8458623
5833581
2326336
786055
5858521
5659891
6292707
9551551
8223183
7052981
6417466
1034794
8434079
7349919
3085191
4573428
9189308
8340608
7293423
5188198
7388589
5483087
6217337
7327270
1694430
9047602
9894808
8560709
2627873
3087755
2169580
3602849
1437688
4495917
4388904
7296209
2672160
3197963
9364112
895343
2767296
5781578
1930137
1201375
5647849
7531681
8291155
4837158
5872289
8100930
2541708
5777231
3584017
8759045
3104501
5278447
322999
2999309
3839157
5467225
8603416
6008737
9070074
41104
3021006
5975330
9853665
5693166
1689646
9217778
6588509
4456942
7515708
1034999
8174670
5679910
1083032
6465825
3033420
6955321
4566756
5575128
5248904
667125
4334174
869757
5945573
7173525
6385418
2301082
2640750
4988834
826171
1710824
7546290
6363530
202507
7399956
2056696
1892153
9134086
1161558
6349095
9166146
2196557
7040117
4846056
3279589
3505943
7879476
2751262
589051
3454605
516519
1256176
305131
1386276
9718101
7478656
7771695
4535535
2635759
5276881
5361707
4346583
2823172
1725237
7065442
2739480
6298285
8957595
4389918
7459843
7823043
3556064
2172752
4863160
8402121
7968693
885455
6281597
3236308
1474506
9736202
3752827
5247035
2557685
5139103
4965136
36342
5427150
2017024
2672101
3220384
9895083
9535036
8559908
4136672
9116831
1299388
434957
8074426
5689306
411153
8413821
1761722
2583905
5793334
163843
3068951
6678789
6445441
6305259
8153296
8697995
58086
5916683
1255681
7713541
3398171
3808375
5657044
5415195
8996828
8877428
5310278
1048216
7437336
9446950
165047
1253076
2398260
755826
9458734
2809413
1685999
1220456
7909670
7479333
3900652
978621
4158123
346093
9800232
4827771
1560440
2374670
744454
5332473
88212
4142625
1657200
8261608
2074173
3170380
7139036
7384451
4218597
7092724
9347754
6899996
862152
1746014
172174
2837238
4555427
1858174
4057694
4981449
9337507
7958346
8476423
6011982
820791
8276655
839753
4897584
651326
4100559
230057
3255890
759537
4403610
4033850
2833710
7573990
3689238
2734513
4308939
781962
2082267
3725288
4160466
6344633
3897462
6997704
3416412
8271988
3571750
8397862
7609496
4046449
9390637
6137830
4867240
7667292
6977584
2281176
834970
3594495
5027586
6607212
4354032
9431196
641062
9704094
7005186
4330300
2438608
1314126
7628614
7037227
7555766
1789080
5898213
1453228
1303136
9314625
9725217
4874887
228839
9851065
8921336
9619476
5988895
6304928
9803121
5482831
8586105
3154443
9077327
3613691
9761656
5947711
3044887
2919070
5651806
2566425
9765723
606766
6396903
9910689
7643993
3952669
4216122
6058558
7922250
5519258
5373184
7647467
394145
5602023
14884
1831833
5221500
6003779
8136762
5024621
1486611
9239219
695416
3080290
2852910
457072
9028001
8414149
5892495
4679807
980574
8174570
5286573
9893830
8085259
5446919
3846499
2301381
1505477
1768749
7820640
9395013
1932568
731137
4997037
1947452
2562971
2734889
467584
3216085
275862
1954195
2455304
971278
7550837
5308214
3944703
6578838
6238715
2353550
3774998
7219289
528120
1577923
9629471
8613379
7024842
3475971
3431113
1046672
7761072
3768105
441685
2209993
4499242
7955074
4157445
9578565
3206315
4625029
2794650
3482177
9095576
7766306
4453456
9162765
3074520
914511
5741604
1829587
3268061
9516602
1565229
3796181
1094525
1194700
4925912
635720
7187023
873377
4198744
4948096
4641482
7156781
9674441
1657077
5111856
3831886
3751994
834523
973268
9062997
4316701
2585196
6829303
1286509
1747962
2420176
2201020
5918
4249763
7985433
9522520
5814992
4297966
3133397
9526045
1740230
6285469
6713068
2613608
484213
4177516
7255090
157347
3851957
1428519
5269203
200196
5180514
8620078
3689816
6759863
2936779
6275012
3589166
4223288
539326
8525694
8940660
545244
2775458
9442445
2584116
1106802
3740411
8233866
632847
5480642
4519335
9862268
8094250
7519901
4039784
7865692
7677248
408094
1810564
5462803
608290
6991078
4082881
4298106
6267293
7019661
3089470
9856459
3759301
3628797
8382154
5216314
6690393
3673964
4658759
1790862
4780766
8399171
24728
7929966
6396165
7060415
7792234
4490415
4580316
4348370
4872459
4773916
4756464
6683023
236719
5364754
6190453
6835953
2179212
2457746
6371966
5268683
2314206
131267
1413832
3212712
7863933
620577
9403028
5039045
2411439
6700146
3438216
4952519
4630112
2350733
2012935
4938698
6841148
9109603
9287069
1713607
3883520
4043533
8396631
6636591
9408288
4587084
3472544
1587500
9561183
9844510
9372535
1875389
2492130
786367
7604453
356063
1406945
7007481
7911460
6334736
3707627
1349676
1287256
854092
6216761
3300191
5792790
3057909
4926146
5079859
7287869
8809666
9123393
8200852
7962610
1048033
5304288
1435154
5151885
4865471
3796017
4524421
9257212
6288147
7827140
6861665
9160562
1750437
6385498
7072023
8085174
93126
938051
9372430
3463570
7154813
5188973
9256360
2729074
115119
6852572
16943
1441138
8492317
734147
9403748
2056702
6038436
3355254
7208587
903907
7151271
4249360
2677472
5955770
4592853
9539137
5116333
6343290
5924636
4704708
6944816
8534114
5642759
8833598
4514036
5313924
6538923
6286748
8042999
9170395
3139320
576294
611533
1631637
1310442
2531633
6204691
9865230
5886887
3413279
3285489
5554511
178991
5962961
1510281
4771844
5502099
9142966
3631487
3943087
3847674
3092655
4993553
2006786
4442606
2023941
9837062
981529
8310689
7880061
151924
1450010
972708
3279809
5597999
4799502
5811442
1802691
4664732
4214682
7732322
7950221
9769193
7911313
3913183
1279474
5199510
1931634
422441
1347349
8391073
6786467
4440004
5900978
1309605
8882610
7924919
1146668
2380492
6235608
1543081
2532416
201970
2515789
5812226
5799970
7315291
4140020
119013
4496375
8354702
367687
4962949
8123895
795352
1392484
1919722
5994862
3324118
2342163
9858563
4231543
1644982
6814920
2648873
2954588
8213882
3090144
4101256
594374
1842104
5644337
5643143
2044075
676479
3971721
360397
7991770
8111741
479410
5004498
6466444
3363449
9967447
7106691
4158801
1359931
9026413
2670016
7200401
3884928
2528579
1431944
5529911
1859851
6597169
8484499
73734
9687313
5102107
3184460
1529417
746444
8827603
6089844
1422923
2799324
6450241
1931046
3427418
9446003
6935544
9893862
2809452
6902991
7000553
6968254
779274
6026967
9638270
7979675
9911895
4683201
1927971
7958158
6543053
8525140
8959009
6616787
728805
4061116
9801247
2258222
7323913
1145203
864419
1263188
6460879
7314660
3194234
9888297
6760664
2646130
2298511
2086468
2065473
1815417
9054722
2844747
358736
1209344
824422
2786983
5892546
2752393
745142
2435599
3793885
2220503
1568738
4522690
6281620
3886337
9297265
3605533
7547892
161684
7385073
4008772
9992696
579308
6413421
9269712
5741790
1228285
1356181
323616
3043702
2927255
3168363
5918790
4136600
6509138
1222125
2545498
1777883
1967267
7497449
5571769
6704123
9066187
2610811
2985743
5468876
1908076
9107628
3016769
4586112
6492701
7025541
4578809
9588361
5955314
3848521
5330152
7183599
7721054
8170120
2743653
648310
1338483
8662443
7301262
7847621
9884569
9846760
2141857
4368188
9860561
7713626
1072311
8926748
324437
6574406
4395624
4748866
5682034
9928745
9334978
4691088
9470638
6430139
4279449
5425953
278661
2125953
5125904
7999715
296073
7869558
1164377
4150909
9048353
8465639
4514882
1449274
828751
6656739
8333815
689312
4370365
9406126
2132412
7211155
8496885
9044389
1960021
6695271
8973134
3811351
1386359
8443773
241491
8182161
6386078
3036504
308114
1511982
3552571
3120540
9381540
4716949
7271449
946246
5698940
1786331
2395520
6527692
959423
729335
7217004
5329788
2651814
9349417
5057295
1148699
8393806
9533668
7843970
9883292
3345020
9230330
8327065
6102863
7412491
4713143
9139367
236957
8741478
5208290
5873849
8123018
9925239
3145298
9069264
8140532
7447982
3981137
4668224
8407405
4710472
4401580
6253545
7362286
6267349
1310841
1027337
7177507
844509
1387660
7060800
6705881
617990
7904217
2808744
546833
5133713
4464463
3300142
3875191
2189106
9173992
4514561
2114345
4835642
6100178
2771229
2283624
81315
7439453
3207381
7308139
4357386
9460927
4670426
624735
3288120
8214115
318595
6648981
9601775
9895747
3354863
2736117
7799964
8679959
5799302
2933677
5660775
9099445
9325220
7849881
789789
3839782
2480578
5625431
9939960
5251808
425408
21275
5207613
3632789
7329414
2081351
5610068
4516192
5222439
8898188
2730308
5541034
8063522
4848435
5436781
3934737
7584553
5753097
2614696
3383855
8686775
791823
4999652
8011995
8641704
8305793
4368129
3638635
3931225
4308089
8890443
6872985
6845716
6614408
505774
4175131
8695760
8632195
1207675
3918199
46735
6454335
1975585
8110257
1302771
7412366
2044994
1403676
3165463
7176043
7303883
4368590
484218
4819888
4896938
9125923
3125681
9265067
2764558
9573258
6089509
4171353
6446243
2935225
785761
9468370
9626708
1997873
8100565
834384
5916072
663652
7288719
7891657
1290262
1107842
7820375
5851608
2511518
985839
3027651
2331754
7870781
6028222
7151642
2767719
5154145
2793675
4549139
435055
2366934
638648
7122760
8813177
3573873
424873
797899
3200582
2422747
1414816
4034966
855171
2078469
3840037
1263181
3368731
7464232
9083556
1736691
2492102
2585747
7280695
4823856
456529
3308917
4491850
5740600
979414
7285526
289739
1414469
9652460
928387
1053581
981989
4502261
1478454
4296241
219195
6417553
5711057
4254161
7272725
305878
610550
8535906
6190961
8074782
135814
7927653
566885
2721562
5208348
7907093
5694443
8517265
2398944
1435043
9496679
9684470
1724783
3427500
1853282
5169522
4481081
2835271
9671783
8475887
9647864
9890978
4893441
5358922
6661491
2166166
5664800
9788394
3218424
4372114
7863176
3354238
2299767
946413
8592152
24467
8853507
4286595
8541732
1252451
8237991
554763
3453273
2479126
3982263
5306555
7648648
979696
658178
9836784
9455583
306043
2244114
4349024
5664965
1421958
9031542
3846117
1210352
2249966
8218231
1589880
5604205
3034350
2536294
4196357
3058817
1389801
999305
4116901
5158604
9237296
4671664
8611877
4232774
1170279
3918432
1881422
2149975
7092962
1718206
4121911
7399005
6478673
8470935
5580322
7900631
18830
1942792
9110983
2268796
2677375
700863
7873001
5711726
5753509
4585711
1286895
7143310
8101368
5403797
4818266
9855016
2591813
3430143
4087790
3762093
9864927
8485564
8428420
6957890
203771
5066683
4356895
9198796
6053971
2453570
7099427
6072801
4396362
8726762
8341597
9590089
1943977
8730951
7818167
7697487
5833014
9105063
7357149
3934382
7025212
2175416
6305750
9617025
8121911
393540
5895470
7986839
8879104
6840243
4944729
1599227
1906926
1817976
798023
477249
6787898
413802
6550050
3700612
1656916
4891648
3290702
3600894
6138951
3625221
3814733
1971965
2730284
3688234
8422699
2271848
8380002
4728449
1888874
6501914
7638341
300696
7005105
9033797
9657291
4466186
633025
4080570
8800514
3947400
4557819
5588413
6877555
1107870
1805377
8534471
8515870
7612431
4651717
4654821
1237653
982802
9143138
6484289
7187389
82189
8756138
5567391
7326990
645012
4585657
4965331
3462060
4107114
6515480
3119352
8573300
9664857
7199922
9890167
3612258
1757741
7994932
3006165
5381963
9800309
4056988
3897833
7412741
1225058
1069006
1166746
2207860
2728496
7651035
1911601
5327037
6407173
7478993
2654027
9568537
4581002
135710
3030598
8688117
6651191
8666302
9777769
6316048
8382576
9667936
2444658
140317
7662868
5450823
8038633
7463178
9507812
4452818
7392271
732870
5521825
1075369
5457082
766673
8726404
7368684
6093711
5133578
7364029
8747738
7218467
1945031
1399801
2765417
3149500
8050992
1431719
5443622
4367040
9814295
5111558
9328051
2470965
5290779
4778874
509598
5270309
6803038
4962416
2662580
52260
3000593
6254301
5509343
6283619
4980705
5394379
2377330
2630635
2758408
3641420
9849103
7219791
5041221
2614520
2885644
3092213
6562592
8329266
9975606
6376887
5957176
9303657
1364204
1247955
6598883
4390154
6518264
5918274
1868923
1697196
5970534
4869516
7951497
3996229
1153135
2932203
9390608
6046817
8079190
4665368
9688238
7928293
4401512
4729459
3059166
7287156
338025
9621758
8132774
313631
8514997
4089950
2133640
9879202
7854258
1248875
6785708
4372522
7167149
8654631
8586071
5654036
6040500
6537568
9650265
7193635
1986123
1557226
5756805
2581666
8738946
5445043
509959
5656810
2690854
6085477
2943966
3028879
5707235
3593092
5858862
4222233
199395
7992502
6617787
8053653
1757730
3403495
4942527
8924879
4574479
3528598
7095267
614979
2582519
9261885
324966
7084994
3335463
6081771
9666660
2074409
4043166
2692972
7731220
6734021
8778449
3191538
9762900
4485685
9300983
5621763
1224270
9500378
6130617
358409
70383
7888347
6278256
5012910
9329579
852735
1057861
6424846
3984066
6156732
8203083
4309033
5758078
1538546
2907156
5424739
3612956
6950323
634063
3860528
3684344
9412512
7052066
3447244
6414549
6353049
1585359
155171
8369779
232329
3029932
8440162
637028
1824541
5969425
9966607
2677276
9543638
8907806
9177695
8216722
7110889
3486728
3974800
1165788
8910236
1915891
4778744
5860559
5066306
1155624
9544903
4478819
724042
5508500
3409720
9593444
9610211
6081244
7963223
9842540
9111176
8919738
479569
935717
7405515
2962528
6129346
6949153
4386686
5307041
7682227
4013928
1310121
1657027
5179716
220357
6089271
2474812
8597269
1155577
3630436
8142172
8150748
4354478
6167024
4076821
3947922
5777236
158065
4427498
8136128
1785593
3347236
8615697
2721311
752751
4094578
1367009
218256
8481264
9190402
416835
2495192
3016875
4590214
191260
5753584
679485
2666072
4350853
4351415
6296508
5009378
2502163
3167339
1176402
9095336
7115261
9469990
9253401
4059111
7606119
1038995
9922699
8738168
6276658
3191802
2832746
160019
3410058
3830363
9350421
3826893
8841907
4883648
8417108
9033168
637232
1612945
1699240
4988086
8480712
512101
9997464
3499228
3679440
3690218
2594564
3311053
3160209
1847966
7370165
3282680
5403313
7292864
2020848
4196323
484667
7369947
4356342
6411077
3716662
6223115
2754323
2558569
1106763
3687783
1591737
1743995
5300728
5807330
9248433
3781441
6319431
1762249
7280669
9998871
7968820
2391585
3309924
1129029
4239551
3196441
6928061
2159216
489306
8948909
6355539
3490325
8835208
711881
9901402
2551870
9451348
2655725
7626792
558111
6343508
1734881
4818459
4160589
7542211
6583244
458382
3861642
8345494
255403
6376865
6314314
2646988
2203142
9959695
9402892
5399583
6887756
1562108
8405241
8353017
434000
1895566
9704578
3662233
4313321
4772800
3113582
9485398
2399592
3671693
5828907
4134474
1006504
2505848
4193037
7589749
5480582
571032
8451595
5735985
6947897
4765909
899325
1667391
7241956
2818569
9583327
6646064
4380678
7988568
7515433
7331030
2400487
7220011
993263
9230160
4509164
4106845
8715558
6908756
294891
7060817
3559582
3817747
9566665
268972
1407496
7563599
840004
9859091
5815936
304253
7141352
6715262
1971645
4383308
9533831
1554972
3545724
6430861
2059892
1061158
3761891
6976731
8281169
7271507
6206891
5306685
3894704
7438802
2215442
6705947
4499619
8291376
523695
6582637
8560348
1931191
4146236
1916704
4306635
9962173
2220958
1447987
9193787
6708955
8347648
1243970
8263927
1893372
7674832
2840171
5470882
3953075
2333255
3752052
3740934
1056498
1575089
7635639
8495300
3790531
4341586
5511272
4598260
7381633
2093909
5674960
1829177
6240145
7591665
6135812
6202318
9812623
100151
5396105
9037930
964151
6640076
7301857
2857524
6831260
2658380
844758
3300687
7507987
4596810
7041622
1080838
8688252
7193613
2092490
2478783
4051551
7603762
9593395
1433185
9697671
7784708
3262362
5937817
5376373
1914526
4656487
7705348
4531029
2568945
6743278
5495181
1725373
6561487
869057
1072985
1736219
1713815
4373672
1760559
8826978
3931646
2841397
7515230
3641611
4933887
2510365
7693163
2537650
2103761
1642700
2235321
2404821
4905062
689490
7781194
9335940
7862330
8002894
3866969
2947627
7262524
9362150
4673000
3824011
2747559
8262337
8076582
4461375
2636009
9837141
3288353
9084008
2678538
3319935
2725619
128778
5830300
2935134
2666428
450413
4577834
7418101
2855234
1999248
623944
3152780
1335188
8486274
1155674
7718510
1433901
8418198
9597012
8623253
4758561
2344572
6885590
2835144
6805947
2037951
2672285
2610652
3638311
7867176
5930587
8880283
7995954
1760887
1815417
3178734
4727653
8909604
596835
7582887
908852
1220779
735668
4760393
2223405
1891342
2478903
6173658
2825893
2075915
7313263
7584454
6936839
4198853
419598
3742786
8753157
5608236
8869790
2391468
3475412
4800377
1271751
3987718
9077617
3087169
7166452
3805270
1996773
7763287
1388157
5421977
1500419
4640177
182370
6240176
9047872
5177625
4930187
1873765
9769893
2243450
9458219
6706732
8958656
2394170
2965871
7711813
518758
1835661
103281
3994170
6636039
1375033
7981888
8230008
6978554
7664692
2035278
1491679
5427979
5939787
9430008
9444750
3096317
2128731
8201279
2144189
7306356
3131466
6534306
9592601
5374916
8508877
6299334
4333572
903047
1781557
4561737
1421805
3617218
4665019
7932327
2769609
8556404
8430567
999617
5534958
6095259
5551247
9542989
4039591
4007387
8972997
6000693
7103704
1101728
4201972
1764245
924437
7333438
8298551
517038
5224707
6807428
9332724
2074631
7710476
1114281
6636369
1648633
7247852
3817740
2097313
17461
2374144
527880
3533431
425454
9139492
1601030
2484795
5695435
5608417
1457792
1696128
2712121
5075873
5898101
4476366
8516662
5747891
5291269
9033700
3488950
2098698
882777
8079934
2325526
1997058
7232655
3974159
1761262
1050395
8587824
1778724
5940891
1632057
7828507
8882697
771549
9429537
1367492
8983336
5037955
5341636
679464
266428
2933861
9093917
7259147
1450523
7358161
2550416
3000576
847111
7165466
3883353
1443397
9490992
8396763
8676052
5981504
158026
2242799
4569328
4453102
700042
6201385
2281609
9582739
9489286
1711146
3466583
8472622
9265453
8808220
9152087
2048234
1742081
762356
1823733
3192605
8120517
6890501
6193181
1483981
4055968
2592886
2927378
3546960
989649
4119783
9528464
1147675
8878934
4097793
5600777
9578977
2815530
398738
1678068
2304817
4626237
5144652
3293791
6408042
3952872
4962230
8456276
8211305
5724587
2796361
3920262
6361456
9686863
2629795
7845437
3742831
5222681
3289168
9806143
8728683
9925303
9334608
9876358
8804237
5948753
7993488
899566
8764283
908578
2577635
3585452
5534815
7722287
6879244
1942858
4191511
1841474
2915486
2402816
82413
5711848
6323079
6443870
7915063
1469226
4289307
4174246
6691908
94827
3980389
5420591
20130
5831349
7813301
1340720
1780102
8323141
2240286
3060738
9231720
7334273
9162542
7282887
5056560
6041786
1742097
9248071
399613
4657584
4167240
482026
2885784
3006671
9442248
3317199
4475897
6247908
7491445
1167805
6342735
1471834
9104748
8879218
7303184
9434402
2736290
1599638
273895
7492928
7176728
2021967
4827202
6339271
9304855
9883762
2381057
1046952
1648186
5297022
8220888
5815426
5779049
3623024
8822097
7737649
6940223
5814346
3985557
4431668
9498504
328293
8419855
8603252
1723863
8239391
554006
4460153
9839029
827902
1953081
7015758
2849869
6780283
3355029
4671076
9180398
8252438
8234381
3344936
3549461
6455269
1676714
1844862
78294
3015163
9582511
9534869
8829509
6084421
3966538
8328013
6412714
2386393
9447618
652929
625784
1624
5113082
2981165
3345878
7066163
2513275
6195748
6362799
8384656
3383176
5543197
6637095
1617557
1404485
2702908
8072827
3081199
7064122
667473
6096362
9162985
202342
4925871
5247406
6685232
3253885
4176472
1587977
2701503
4829401
4730113
5219479
2458835
7711279
8565358
9524999
224554
7277458
8404150
8609211
660634
6463699
7762658
2278192
7868184
2981918
2867371
949383
2562392
6051196
7045745
1725377
8769890
4487968
9489136
5455123
7741853
6181960
9559452
2959708
1011362
4289566
8179188
5986549
2000845
6744546
5511548
4741751
4022004
6432050
5867314
7198990
2895749
3629972
9477182
3280285
9128242
4860905
4229668
1690634
912101
3791765
5932364
2198344
8279734
5421500
7653467
8537939
1603460
7212919
1497648
5131174
4018837
2193188
1117724
6019682
8937734
9145624
3277786
5476090
8094027
9145100
2675080
989776
5291425
4668615
4270062
4419667
9529520
1016082
6110302
2957974
7324200
4559018
5156318
5603934
9980518
5326137
6658225
4100330
5055408
672225
1747857
9074246
2865413
5381933
7610280
1803147
7043909
888066
9795589
5137936
33167
2470670
8644065
7840944
9655637
5430479
2260611
9185157
6446561
887265
4659483
3770761
5446283
9815801
1891047
7943153
7658290
1065625
4559836
2713699
1737850
6307693
1787945
4603264
4205978
1914577
8922763
1249887
2802644
8718353
8904176
5352163
3705375
64593
3193107
3361012
5495072
7970070
5062521
4457985
8857336
9722005
745099
4303619
2054158
5152498
4763125
9712449
6218123
9322961
4942500
7955974
5630654
9246797
5075590
2352984
1161374
3998353
3602871
6480370
5233058
5023399
1832533
8938433
5087992
5025640
4815797
3099416
2995711
2394671
7557402
4369399
4633028
8302501
1189370
6687186
5971351
5952495
8915987
2189475
5275456
6374839
2661801
3422462
5621636
7737391
5775446
6783011
1735744
1894670
3263381
6968803
6918069
7612267
8423588
4522414
5154259
3239386
7621830
666322
8150409
5179232
5035721
2783437
5998085
8741444
1986975
4485789
4693939
3419315
6675264
9969396
9794154
9337065
5908210
5415791
7074456
1683657
4715154
1326552
6094679
494887
8295355
3012748
623506
9235296
51514
5777766
2474682
7673345
8960440
3141443
5368929
3996162
5924880
3883367
5253958
7911855
8369156
9947897
1331170
7560772
2433645
3641677
6897837
8341856
1573820
6488645
2541865
6288974
7815197
8636544
9300213
8626905
4165644
9923720
7862201
4217159
8217838
2853235
4406856
7178278
5994678
2292137
3690792
1919558
6175504
8944750
2347765
7061012
8892648
6195288
4621784
3842645
9836965
4035973
2184501
1410785
524618
7242718
216111
856168
5879262
9516324
9483073
44907
1956396
9861626
6778418
174234
2714861
1185274
9868865
1225891
3477411
3559657
3145449
2169268
5020760
8009566
9230280
6429760
4204854
3852065
272405
6558171
404390
4973259
7968956
929009
2215977
8185067
4301529
8095240
217744
3784602
656499
4690492
3646228
7434917
7381079
8877441
1136543
7249944
103332
4613954
3325953
5765133
6783222
8346713
3774699
8529855
4776473
495906
4898272
5048879
7054077
5302662
2538490
7539386
8748023
4754467
8240805
3049552
5366059
8458549
6834154
6022558
3149042
2996734
5973827
530121
1874175
7110370
296417
1977507
4240677
3622370
258992
3540251
1969084
4033692
2070106
9261909
4529598
9484730
6827140
4100027
4787393
9365630
1639413
3535416
4120098
9880219
6584969
2002509
855120
5935475
541420
6520514
8932210
6515247
7050635
3322737
6141970
9863404
7816597
2898999
3485775
8075589
8955602
7971211
4625633
1025709
7233120
1671583
510439
6576613
5771611
7814184
5942243
9927376
1349601
2578693
9807595
450922
4581203
662716
6386397
7638975
7183230
7834959
6670574
6750218
3674049
2812544
9129974
4006998
8227895
5132101
4598939
7183498
3103312
9224573
725559
2852785
3412508
3752350
9429398
9184119
1566535
7887993
1627848
5432488
2983039
1435443
5883410
7564242
4614511
4786159
7719569
4314094
5137471
4390143
3580664
1327872
7202688
5226990
5334870
7946935
359092
9933809
5130433
3462404
1674734
8372344
8831541
5087243
2124695
777291
6787714
3691230
8665285
931914
9123718
1648324
2367358
7523480
1728918
9498221
4825991
9448487
6328667
9963462
3838630
2425683
1291334
3557670
7652674
9142556
4020958
8011766
1592718
9151391
1474170
5783804
7523736
2822064
3387399
2164783
3599355
175114
5856013
2264640
1107028
7496083
6429316
5990738
5019563
8158234
8005312
2361906
123073
6850331
2325369
6478056
9276015
6133055
35726
6928689
7791964
6573036
7456807
9384682
5724428
8930977
7684838
5764516
4269393
1072238
7929299
7868749
3763704
6301664
133389
7387084
3797747
9079058
5894175
1333662
7237292
3899487
3695568
9876718
3266170
8537289
6354774
2542185
7186697
8906852
1987226
4978661
5479889
9444033
6879695
3720669
891363
4564533
2001537
5160756
8153123
9930836
3029505
1916827
8748852
5679247
9303912
5062951
4758305
5198087
6396613
4511949
1613926
2608533
4388667
4880096
3662175
3259793
7422282
848872
4682998
1925860
8343885
162887
1369894
5223580
3883556
2261257
2304465
8401445
9938365
457589
848633
2967871
2374416
9597485
1163470
4194680
4660436
8438127
9392767
3573401
2950076
3523045
8698286
9855096
8403142
2360461
5631241
8341776
5725685
314239
267636
4069570
477126
1637530
1809502
6877034
6415139
4113968
7794831
6353505
7087909
8643464
1837728
1978677
8240949
3001198
6173358
5417737
3955677
8082477
1507490
6905753
1605523
205777
9277201
2525017
5082590
7424795
866793
808276
7739034
1134429
7394198
732513
5288312
9203701
125899
1703451
5834021
7920731
573308
2921930
6564195
2411036
7416959
7321497
7928586
6106669
2739234
1884263
6705499
6763077
1306369
8311022
6968854
3099922
3352391
4567796
524717
4219184
5376072
8263752
7869965
2770271
1512617
3158277
4490324
1638516
4861729
324345
9559247
7951389
5762627
8639795
362426
5695938
5961292
807364
1802608
1216878
2691628
8508107
7979955
6514349
9335481
7465161
9614271
2687872
2032958
138989
6907056
9925382
919093
4777021
5212005
2431710
451651
9702329
4070226
7829732
2543026
6145826
5781121
822005
7301973
6143547
6517944
5779617
9467264
836904
9512847
2158892
9345011
7492803
1189593
8680492
7474316
803864
3884716
2023626
3459205
791772
1949009
4378298
8085145
9677366
6810008
8536796
1896048
3396587
6366528
4439074
2058765
4664002
7777432
1877090
3323901
4295376
7656707
2791165
5132280
7169554
7466409
6993643
7178709
8656002
5674135
4653026
9459867
2075203
9193004
2919072
5383327
1142013
9813723
3468472
819380
9140083
4521621
2715428
2536670
3404501
9670854
7111787
8068503
7448286
8988877
1392405
4260014
6645584
6699922
9392294
6331491
4166332
6385937
3510200
2822334
4576424
679578
4798553
6651627
9872583
233978
2034954
3530948
47701
8019779
6866680
9187784
5057752
2098460
4240807
8462253
4285667
1352594
9047109
1733953
2857824
2955866
5993968
9503408
9655788
7902614
8351251
3822120
6804904
1861452
9160807
3897680
5057382
6475712
549308
7446317
6709690
5100614
3493618
6757391
5636745
2876650
8461528
694497
4975111
2702335
1673103
9260778
6571281
720212
3511083
9429105
3676078
2021403
1448866
5848218
9924018
9800117
2186691
6728922
4177921
3863850
626602
1751656
339562
3692262
9197973
7049253
1309229
5207943
6322996
6945974
8084594
4784524
156824
3059705
7486859
1829927
4836835
4058141
2550139
8347918
6003598
8742569
369322
7452464
7107139
2809692
7252582
9293830
2054966
1430503
3157680
5197920
3182159
3497243
8890183
4896485
3062848
2715764
104428
9385844
2178090
8189022
4170369
2334914
3765079
4173580
4164841
8601914
748073
6714980
9466185
6751672
7973901
9835507
4204136
5081041
2645199
1456718
6891223
4700165
5403574
48904
2414437
1102085
6062499
1304620
5998570
9125347
6536736
8619351
8511191
8714827
9324725
5197912
1049741
3089805
9371493
7730935
4208071
119566
6962267
3674256
6871238
4936169
6026115
3591727
2533562
1187666
7564797
9424785
8404183
2968371
9473689
818621
6586809
8052540
4639593
5101731
7177887
1176330
3721082
8205431
2407509
3045808
3403343
3457250
8651965
2774836
1188185
2860036
5410755
666805
9050645
2281993
5602974
5076760
8390072
8136536
6264427
5954870
77673
7184962
1439593
2067715
8003583
8026402
120255
2643177
3128134
7298143
3819507
9365568
5503574
6227016
2411376
8906917
2200618
3579693
4198106
5905156
8956082
9608861
6571961
523079
4407206
4691287
5599839
2797279
2827823
4380618
8752149
5421848
1565581
2708094
7489563
2085516
734497
7609819
4728693
6378983
7424314
1064552
5744551
5444240
7291568
672280
6867509
2008539
4251973
1065615
7913695
5724407
674476
7002008
6247486
7598035
1693295
4363678
395314
7037470
1260648
1663815
2459318
5342581
4371909
9948882
7428098
7622758
75053
2156791
4001741
7499367
3221344
2262645
2943607
3029264
2934925
9811116
5037803
9703250
3393084
5467850
7944010
6583912
2469858
4191496
4181947
6679505
8555174
4577261
3716975
9815823
8757428
6176294
7674756
3129338
8641528
5102854
3268448
8716581
7259646
9786542
8732300
2997342
2049187
4192259
6026606
7500464
4003375
3580762
9720066
9912811
1564964
7664076
6496724
4034823
1855573
678671
3230680
2927099
7772285
6947656
5259274
6529713
5640302
2934031
2175403
4281830
8036885
5443852
5514763
7812883
7746746
6763415
3326577
2312285
955674
1869536
9812749
7475401
7966650
9532815
7388213
9531614
9713244
3884937
6082789
4085169
4563608
9313470
7012268
4852245
6261126
4787895
1381959
1901428
238278
3557362
8699610
791515
1517566
6730725
1120751
1780664
3494140
4447328
4092949
4449814
6316864
3905698
1925215
4283514
5954866
1829780
6331481
5668110
5714717
2414270
2269631
2794678
1727740
1798251
7646923
505218
6586146
1545234
2406646
9340776
5102597
3622608
132292
9136515
353333
1253043
917180
3847473
8216723
5010129
813639
7049940
1432180
2738855
3849806
9903398
4568635
181287
8087860
2799705
2595558
357491
5594383
6839650
2155742
5757658
7344869
1258241
7302893
2267867
599017
4921842
5890476
731309
6574709
8760161
4500704
7491889
5123987
5233780
5018371
5937626
2283720
8966903
1192833
6133526
8870301
8277821
6314814
6958161
1077526
1426724
7315652
9188261
8266374
9471394
7462271
8127595
3245987
4765164
395463
3845005
2203358
8802291
7092666
8778068
7562452
4109723
6269957
2686439
9343503
3804680
8624066
1627223
2771583
2333251
277101
1641884
611072
6591915
8600045
4204950
534991
8432049
5909563
8801366
7903444
3371835
6928961
1149431
653351
9840776
7510788
2856710
8643067
4603455
1634778
6205520
8713178
421087
1408311
573033
6742120
2548729
2200256
9513703
4881981
2477357
3671940
8009405
1585625
2271985
2214356
2120616
704035
8123919
3438334
1123831
4012106
2883648
4789614
4665458
2724424
2300403
38520
3883844
9420210
4189650
2605716
649740
7127089
4014027
1222773
3869209
6562757
5939381
3382913
1444738
933090
7054853
1970495
5035067
1843190
4184851
7155684
5063577
4825123
3110370
6187408
8837229
8510370
3493375
6019039
3751147
8310130
8573911
7634991
7730340
2763561
240707
896432
9890651
6771086
2119205
6276212
3333843
574938
9659125
7294933
1508028
9230330
9265429
6543096
1073521
5966632
6215132
8653450
791755
1841854
4840859
2145337
352225
850586
680728
4103372
9160716
1770992
4254715
9407408
7050905
7011774
303840
9457908
3782860
4939397
5734121
9633056
5514335
7909598
6927989
9538715
7139929
8709770
8598163
729802
4676403
7329647
9383252
7984510
9171502
6740463
2646199
2040079
7591049
3326928
6143451
6751765
7614272
2914518
6159173
4665177
9926292
6463013
4123086
3709152
3918762
9857207
3342208
9433097
7766805
2786550
1488165
7423086
4012672
86328
8152888
1205427
7415976
52493
9189938
9103830
6792956
1836137
1143909
4384006
7679417
9803712
3652123
5293689
2718230
2327649
9958867
2644522
1307014
6598305
8870026
5225777
6455512
4728587
7175226
4222317
31489
1179743
4161756
4044161
1266072
2314644
5249589
1198400
2367137
6955879
302230
1676446
8792016
3962491
8576804
8987786
3766203
2228927
6797827
6484433
7072928
9273046
1645307
8379943
5871351
3031685
6122072
4843215
276624
3297298
1581885
308113
4477042
5743641
6868627
8259466
8058285
2118216
1974218
2941775
9074095
4792800
4618221
382463
8755291
5711377
1886601
2521494
7940304
1200781
9005927
7529585
473827
3167586
5909528
8861531
6199271
4547952
3704746
8992248
361602
5286631
9300361
7354996
1030272
6168988
5614462
1604910
803556
105032
7063037
9877651
4897832
4197610
2776467
3653123
9908987
7179420
8690969
7849291
8380201
213248
7895228
8854029
3380834
3804756
7715560
2096458
869060
3936658
1088706
1230663
1739642
2905419
8585659
5286266
9074408
6716474
6891176
2394316
6821506
6470565
2271968
4235691
668175
7564787
7888814
577162
4744207
6579784
942806
3124409
6793032
8838034
4494790
2690219
5159143
4726702
4786677
6028203
8663360
8391735
7258866
403002
1297154
8360878
5689269
2887914
5077352
5096797
5282231
4415210
1567363
70551
8650901
2235538
151690
6539716
5329053
4895897
5635852
6271859
536658
4945236
5109893
5031448
151807
269036
9758150
7454836
8813592
937863
5846571
8588810
3857217
9660078
6949688
2062838
5064344
2027040
7159636
346575
6442251
1243351
2933478
7609504
5995241
3085168
4149220
1324294
7981066
2301424
7596153
8517724
9763013
5222399
6065525
9914820
8007787
5823675
7369657
6821379
9277890
3216228
5410190
3135108
5392658
4876230
5197946
457003
9419623
4873934
803578
8378226
8633637
6253409
5987730
4628879
9338577
2653303
5953173
9835995
4954727
6065679
8353720
4717740
1288078
6935597
7148913
1812217
2759272
4518570
8633597
4553515
251150
6560139
7688623
5643809
1436369
5402921
8617164
3372344
276856
1937094
1750570
8910493
8190503
7738301
6055724
7529081
391604
4525250
7365076
7862683
590929
8235148
5096776
4395359
5170745
2245689
6207576
446370
9280611
7357525
7516237
9531761
6434016
5204860
7691922
386738
607781
6309086
3759082
3400989
8246181
5509653
4827835
6436684
5764306
883559
6482117
6155910
5408809
6363546
6534945
5999738
4598694
1631721
2911449
2285792
6393762
1635378
5248514
5674373
8992903
2764751
7722487
5426920
485963
5414409
5813658
3610096
1723496
9572740
7011086
2486029
7598745
1838921
8922713
3363051
5238832
7921183
2035313
647642
4284729
8570259
9163732
1399775
2718332
2075182
6201919
1628447
3710560
3966785
7302820
5219815
9247888
5025307
646735
9733851
2956069
8976745
5860300
4679565
1065838
5387738
9681946
8664583
7226659
1121011
4543987
2465491
9042194
9095652
5629485
3326923
182263
4793218
7243051
2900596
9384752
3444970
4529043
3095312
7411756
4348215
8315127
9175996
1889875
1478215
8909848
4845944
454960
7286500
2041861
1520798
2674238
1723807
2701734
2417249
2844818
7245721
7399092
1887013
6341373
3028578
7730288
6523637
7821796
4973339
1940585
7206548
8418310
8985980
2818212
8346418
3334195
3649691
7522414
5224070
5127906
8948614
2586366
8099219
6235114
4628227
9620017
1425704
6352034
4838103
3842953
9196853
2083824
1242046
3600218
941550
4270624
1330506
9981539
4608772
6303846
1922124
4331672
7238508
3424456
9666236
8101278
9275003
3315927
5623692
7015426
960186
7088659
9601792
9059405
5840125
4230020
8679422
7265830
582054
6033878
1108783
2295259
8117702
2350829
5895477
1575604
9137805
9742336
1557143
6262929
8562534
5995619
3110953
5801042
9420075
2777189
6418672
8695079
6093117
4558716
8226857
7053303
1647375
7828649
8629060
3853
2058669
7308482
7269683
5157076
3342360
894818
9968687
3976415
3245648
8380517
8068371
4899805
8122853
9625515
3679087
6685387
8137486
6790040
5002781
73914
9567230
3937805
1285345
8176699
8496521
9512202
7746354
143897
7340851
6375414
2664102
1915873
6200248
9933785
9589301
2058961
828603
9557988
8551728
6590603
7938505
6620099
4006761
8577710
8761966
7685848
7779449
6899453
4475888
5298582
9489719
6559470
9236387
775064
4736169
7732909
2803618
2482523
393158
144469
1374289
3057260
4576694
7574538
5507397
4165995
9633499
6336000
3723984
701579
5442956
4178841
7321678
9449717
5272904
6083645
9651917
3052353
5499450
4127805
8350936
7505521
687276
103675
8280585
7939797
7836584
1084203
2938673
746094
3745024
4312962
3803354
8321719
4403852
1827103
5004066
6553703
8163104
8728050
7255282
6122412
5423244
4576961
8088481
696148
3176958
7740398
3748501
1192760
4384555
4615789
8698281
7588183
4719465
9495218
5527981
5072401
3095773
8466654
8334848
9357149
5295968
4654554
195220
9699821
6481658
5199287
6253524
7161114
6443689
6025159
3283526
1866933
3118472
1372007
2563081
8811782
1628757
8827935
4542
6013312
5960076
1219175
3601496
3195893
3230745
9129477
8268295
8842870
112483
9119495
8200019
7924803
3774049
911592
140976
255707
6110879
8910853
7416821
2554568
4936012
3216699
4421502
8054484
4588706
9500935
6866266
6217463
845222
9387160
2230776
6805299
3122687
8348624
1192
6353432
9994453
785839
5196302
2623288
9905334
5912673
548091
3679384
6824265
689068
6451443
5451496
9599921
3868265
8006065
4535933
7084964
4943919
5106769
4190023
6961206
4489387
2923838
7806429
3876547
7670966
4611728
6999234
6019590
7129272
5869018
6014043
7915112
3581672
8637331
336798
2010697
1701775
6532534
1351315
4907195
2983978
6802811
4507116
9368595
7325228
1559401
8969911
4785499
9182522
5676286
1746706
3671909
8600125
2069487
64808
6271091
9197567
9580394
4807034
6326839
5449412
3337429
6758303
1547436
4491113
9611454
3558133
6192888
6143988
4909448
1100083
1644318
4228612
8123551
1012913
1553840
2199304
2499177
8855692
1381826
8175463
602398
7570087
6775588
5188237
7634895
5563032
4385804
7215289
2886418
3228995
5181053
6223847
2503651
9244841
714960
2115105
2802974
9424200
775445
228775
3040635
2419764
6973739
1164186
5949029
1043931
5879842
8448206
9899623
9778020
9140022
502021
7348107
8431962
8206610
7499354
6511346
2592414
7230995
9397764
8337762
4928400
5621612
841413
4173241
8852924
5472870
9492568
8277125
6248315
9721343
1317760
8668079
9211434
4998299
7133461
255365
878141
8098019
154989
3172514
7238041
3173362
520621
5670004
1379973
536328
2181350
3972387
7767323
1579115
2310149
2695724
9717079
5667914
6868965
8570003
1140784
6361533
9363480
7389100
8599228
3197593
8573531
327014
8195892
8223344
582380
1590385
6321364
737369
7279251
3559405
3910731
7799873
9229409
5290704
852553
3927112
1779444
1136228
8022579
6605945
3831952
7739658
2273860
3217270
8826013
5930996
2095155
8189494
5836448
3210736
3903439
4409980
3537750
4615683
5149676
4120130
8722420
1471040
7373851
6001672
5030446
1284583
6317897
6776207
9091639
7170450
703319
871083
8306678
8725898
7477029
4654983
8981908
9750889
388605
7807922
8198237
5000112
8513768
4034686
727200
4933559
961018
4264951
9549242
6110694
901433
8271662
7581735
791637
4273334
5128533
2076220
591231
1904740
1167859
278033
5124412
2038943
8584712
6366662
2032324
5756047
5348571
4299565
6144652
5672845
2497802
1144764
6702965
6532488
1871965
1636524
7493506
8653268
1185766
6120553
2071053
1973780
3702288
2862690
6247115
8830821
7455262
9354698
3251913
8623122
9632732
8376325
3178417
8217444
7259340
5210741
6489843
5124263
2026658
2634495
797108
4524460
6295611
16425
1056949
683928
1652949
1066807
1853548
5355067
7187360
6440954
7328847
3406000
9303644
3575962
4753173
6758907
5447013
8005087
7898381
5079745
8897764
3593150
5813541
6157104
1320243
2303384
1281367
3346901
7454231
4594827
7871361
6266194
4611252
1444662
9466475
8780553
5027822
1320023
4135620
4731534
7760977
3980820
8137535
9580974
73134
2890708
8856233
5520147
3412147
9270966
599892
2309912
2864116
8929785
983368
6700711
1233169
4781088
47612
1203752
1892267
435325
7469947
9019872
4396340
9452774
7800425
9424162
772797
4452398
4155696
1050127
8433218
4809583
3147453
8506352
216644
2003686
4026500
3628791
3791004
7142744
8455055
9171472
6072530
1954776
5872183
7305699
6735864
8436147
1025804
1144483
8871472
1012103
164355
5784164
464877
7964781
5208326
3754026
2417179
1880375
4804153
3366749
9206310
467958
1873101
9422954
4987996
5899601
5568098
8779000
3042346
4023153
7950472
9114876
8494281
6339007
8936927
5230145
7291506
2479083
6374629
6162979
3491186
9055336
4463495
3956063
7020117
2188174
7710090
1953648
6584901
5030595
5320397
5791211
5498554
9709851
7730518
3002902
8125804
5814968
1781903
1168150
2354473
2248727
2799378
848755
1104087
4252658
6078900
8395593
9248093
4969881
7074924
2739280
4025218
1538420
9211695
3561687
3726594
9438137
8031688
311495
6985085
5868437
8619058
2483639
5578288
8865928
8002893
6220445
4680896
9784796
7388595
7035370
4549876
2704326
7884125
5653963
9473336
6479377
4049556
8721429
3965611
1124481
3977061
507181
5179253
5705109
6585220
8905847
5143246
4616908
1733694
2128331
3001698
2869104
7128322
1096338
1735033
5131216
7316783
6415929
7432364
7221731
5967651
1982240
2442409
3851776
7636203
1915745
2847506
4202112
3153526
9329469
7842945
9646940
9836650
3022198
5352049
6421870
4444397
495295
3555131
6178091
5139979
9073181
9047195
2268301
2685871
3298580
9915869
2655
9714510
7348234
9740738
8198513
9330474
2183147
2050290
9483030
6615244
7414148
6201494
2285122
6743617
4044439
1932062
9096619
7066637
7284111
8034841
4027386
295759
4106324
205477
5435738
3179505
1769024
220391
5865377
5067605
136261
8384384
7298467
7484495
8125122
5496980
9331321
2824621
63622
1330703
1956217
9994122
7532197
4241339
9254091
1576636
8689754
8350710
1159625
5973865
6385552
5187011
8785976
3008228
7908840
6738066
8704086
2194217
6958458
7085815
9778174
9611071
5470199
7076641
9611918
6111673
5089973
8943239
8936294
7669948
2790295
892511
180422
322492
7650202
9434514
4415481
6339956
301576
5575106
4830174
9203480
3278470
3616150
2211709
1187310
2870569
915795
3381527
9829027
8001610
3159701
1956450
5988161
2752694
1568368
2099834
359020
3027959
3552480
545320
5818254
6961343
725742
8657099
7127897
2676608
3072580
3467854
2978185
1164038
8298028
2181665
4442508
4430530
6909726
5629819
7301099
7825521
1527698
9646478
8343483
4687400
4119280
4331644
9956446
5687648
8947830
315466
1231960
5016662
860786
7050214
4494357
4102881
5707313
1622255
6779489
1296245
5090109
2274026
2460284
5904489
4455692
6902792
2851371
3881770
5048963
2668823
1707292
6576662
4831653
2567127
1264062
8950934
9415124
3736860
7154934
879306
4052327
8386894
5895969
7429465
5437109
390326
1532346
3660774
2012581
828188
4957020
9619042
3102214
7417304
8039883
7557906
6836448
3407607
3956029
1885412
8592782
5663321
8462074
3424435
746800
2242488
4891721
161924
5979348
2046656
1041231
2548027
433550
9453552
9977493
8387011
2360230
4026191
2047786
6889164
4854379
9521158
9024558
7956594
9454814
7064442
8030852
6291262
2988401
1986881
693026
1581183
166554
9155100
7521970
3429707
3913940
2413692
6107983
2409641
4460348
7149214
4957668
7410250
9119118
7451513
5797262
1479349
1477705
361400
8368513
8848436
9882558
7393071
6805030
1853724
6973865
7352235
661338
2478618
1855468
1354365
4059801
2022023
3025817
4098124
7968082
9456110
6511816
4076065
1865751
3488516
3741632
9339771
898766
2860750
6791285
6696028
6856451
785342
9573780
5224964
9633778
1972690
5134388
8955161
3826414
4624605
8823748
7004105
7103224
679216
8358470
3679377
5217591
3900639
7777501
3185673
5873101
6805669
7261739
7738852
294185
1003371
9594976
3709304
6380473
6386261
2921684
3236925
9687955
2495465
978241
9321733
4468155
6112629
793246
8294570
3253587
9616994
7815027
2873163
2812563
6173497
6552540
8030154
2590488
6846394
3732180
979942
3652063
993919
8718794
6462601
4513642
830122
171905
894115
7216383
3093589
4131040
9420690
5589054
5109282
1258776
57210
3738263
2052022
868132
9508202
4185369
8683159
2381365
6997932
7373008
8933906
5028086
2479848
5780300
1276618
3459790
1948715
2270537
4694937
8411316
6784179
5525059
8583221
194647
5257795
1676811
4325687
7194837
9782217
1951321
8453613
2355779
8205937
505636
5740263
7714139
4691005
6939774
95505
4205289
6829134
1545763
1749727
1825335
9842415
3026346
5285125
1791130
7813235
2496414
2718799
7113767
537826
1302020
7308414
8311973
5495183
4150453
5506810
7793753
8618127
6476776
149532
6824064
6982412
8406148
7054555
4189769
5345922
7150060
911410
4691409
1212175
2661137
6516744
1054590
8203835
4318221
5362073
6017071
6814636
8080872
3130838
9868814
1899244
439252
697139
7394428
4589705
8720301
7704533
3207832
5197077
7854065
2548248
4695841
8776565
9602804
1401962
4122488
9269216
2313372
1330249
2997744
7490862
7846993
4052334
5694697
2165214
1930759
1711768
8979850
2527983
4842606
1365016
4427228
5281858
2062155
4338008
2387916
782457
2042541
8112100
8495886
2412958
660349
3191728
1189524
2779505
4593690
7828364
4565073
9423415
9158613
7562817
6914277
7005606
4131504
2608974
1687172
6062263
4320743
3183375
8590247
1679701
4548391
5533827
6961560
9126899
9871835
1865828
9909356
1914376
9977928
921594
6843686
3154629
4113322
549562
8450486
8707013
8377926
3015560
8130428
52891
3094729
7561057
9574849
7226233
170031
1262022
5804849
7007126
4445397
6911448
8686828
8993788
2445275
8164740
637039
4833462
30568
3062747
9264190
2524848
3984342
6107876
8195830
8097664
6657439
6646316
9321029
7551717
2178228
9967809
7604609
5272958
7528866
9695810
5015543
215250
957832
820392
7222376
5403229
248192
8425556
6913370
2693467
9106648
66761
7526929
9137216
3129509
9307471
4178417
7113851
5415348
2374247
5211515
4589139
1536915
4532545
2140856
3715144
4500354
2261817
1504454
4545573
1957628
6519997
4760823
2915460
9856742
4499551
835042
104934
2925108
264764
2798402
2031756
331525
2841683
3685325
3461034
4665507
380094
574885
80855
5270693
8302753
4669994
6807608
5351650
6810850
3039104
2368356
9072668
4543558
6913929
3546648
3579908
4191104
6462108
3436650
8690656
9813502
3541584
4132116
2594618
8856338
8680224
2926144
4214374
4881901
8903530
8879881
5261995
1994768
8960736
3049040
297521
6147082
9856649
5649171
5474284
5412105
8017527
7063304
9955664
7447809
609952
3535572
1638913
9588413
9488574
2845921
9401915
3030158
6978037
1996534
1886497
8174614
7439030
6100871
3056515
8858912
4980752
834863
853680
6457840
3883903
3667553
5121274
3740552
1833076
595558
1669010
2366956
175215
4141026
9814765
785167
192950
1453678
2889932
9681524
4299600
4808200
2711682
3793989
6804734
4598179
1968603
6760116
3215402
7541471
5619028
712506
8376334
8989061
9686698
2260237
2656614
4807972
8517142
4489691
7919883
186152
6856647
8095098
4327178
9187764
1396617
4520128
3157794
4286550
4201652
9973746
9094750
9429686
3767736
8415836
4027866
8252691
7692304
9759620
5794162
5827684
2988479
4170496
4816745
2675177
8947086
9989712
9999502
7464228
6995755
7919385
166732
6368754
8530835
4493910
5556518
9927452
1530390
8714312
4214002
5732042
8688059
5825104
5161728
4972147
4240940
1705946
5741190
1933244
3981919
1535353
277281
6970398
8222201
5094026
2161927
7169287
5083738
2161429
7149867
2079493
2597166
7316599
8448247
1128001
1810509
6521117
1055454
5857251
5235430
7785808
4105645
6439841
6127265
1783726
3928340
368205
6006024
9669530
4817802
9987943
3721235
5095083
9474693
4459789
2705461
1636621
1629076
305552
3798050
8778944
4901397
6395217
6095543
3349645
39570
422405
2387114
1095024
6279656
7622544
1397185
2901654
6578737
7524450
4685380
3023429
409007
691404
5209312
7743161
679348
8930547
5354596
154041
3390336
8060058
4307014
7535765
881962
621417
8831061
5783359
7016634
7442956
1649356
7056204
7865361
4036471
667581
6661370
4175367
4581118
9563024
754105
2105568
6764756
6293886
5030927
7456160
1503198
2774089
651860
2950098
645037
3322254
6340434
1221447
7629268
6392551
2103409
8250685
5223612
7886769
7783671
2666569
9536125
7356228
3048282
3572596
540161
9709652
7747964
5121279
1789028
1018421
9743199
8553784
9828659
4774126
8526297
1331858
64567
9178157
4281956
709605
2500411
3138742
1931052
2646032
9531294
4034462
896717
4754906
1921231
1196741
7421475
3973708
8552969
2986110
7546305
1609482
2695762
7810621
6730761
7001143
1345394
6473960
8071279
1174053
1248086
6597576
2505911
3829006
8292086
9304219
4538611
3308849
2442962
6469663
5954881
4490608
504125
9367951
9245514
4941708
564692
9183342
8915417
1634013
2169452
8978074
3243495
7381566
6788695
9974256
6899061
650441
8964568
7486693
1824494
2729006
4084269
6846758
6558012
4892707
6150977
1096623
8201557
1110291
7566287
4156438
5600899
586764
6040741
7362766
5528473
6605433
9062460
6960242
8239446
3748264
5938316
1482941
3646182
2727011
3973549
545244
3377452
2938117
8031937
7718298
8183476
4632558
4565056
4741488
9525266
3232386
5838112
243175
6859029
5920751
6915965
2459929
6507515
2956707
2339047
4552340
9562140
3917859
1512582
317939
7666123
9967250
4317232
1312305
5210613
807134
1857549
1104417
6261603
2405838
8822716
4445079
9554749
5904124
9186568
9080015
9136510
5024680
1839542
8511892
3461783
8755507
971821
9969298
4228566
5827220
7037991
3790707
9745079
1066925
6624998
9927554
1034176
3458582
1239859
6244789
4265716
5613761
7349207
527320
535951
6171923
4972399
90700
4592399
4158967
9170715
3728910
1699999
3526609
2240802
5161782
4798469
5728975
7647433
9027035
4072547
7201776
5334094
6333978
8268701
1959092
6261532
9302877
5417675
7501391
5547667
9683391
5631504
5413226
2727063
6167456
4101501
7699463
6258156
8693900
4374782
7945224
2422810
8591134
1471833
7179964
6269268
6270302
5425291
6433053
7813690
2014190
3634829
3147784
8348168
1903531
7623229
4609700
3722760
3040904
4627444
1786779
5240647
258948
9716357
484063
6426404
3817858
8183526
5200913
2511759
5074660
3146137
7450921
3665794
4617970
7147238
2451415
3404625
2572529
8884468
1218315
7103072
2519298
6882451
5451240
6939181
4505680
2577293
3178293
7546584
7204737
7481425
5303584
7463685
7197782
5787647
6406442
1015641
6487525
1607355
3527400
1562185
7269844
978321
7744332
4404166
8125559
195747
7808791
3214441
1596567
1543458
317513
6632217
942262
8285105
6087750
5447942
862398
9266044
5510879
8067135
9263821
814463
8047173
6461603
9118462
6969967
7477244
8122339
1093674
3520996
2200876
8363518
7015670
9945208
2767684
7657581
2657307
3092828
872022
6770227
4636286
3705887
3402444
5578548
4507345
9490195
3542843
5369743
1272591
9053722
5953231
536412
2384537
6516756
6998015
4019351
3486723
6991612
2141690
4580397
512608
4342566
2943915
44630
6804127
8227951
7702212
1977786
1320779
1090586
8748013
8473418
4796474
4666810
6568318
1820171
6673357
111161
7189914
7945948
9164883
5659497
8482360
4065772
2176253
7996727
8085123
5662976
7504691
226813
2759725
533652
7085732
8219992
578282
3889859
6447944
8280494
8383997
7768723
9371081
7132011
8758493
6683907
4315173
5326812
8504078
988530
5437973
8210344
8934478
7119209
3869842
9933190
3701333
8562447
446269
1786457
6741776
7950961
4529622
9501501
8484613
1615354
237846
9062895
8021565
6685790
9859742
6405563
6970865
9230823
6053926
8245711
8431082
369099
3572523
9451512
1357629
1526848
7661856
2808459
1162409
4048050
2741649
4863743
2610498
3187918
9166552
9352274
1138879
3696174
1370127
2139844
7827881
1607973
1202740
5849446
810115
3578834
2255009
297333
2809657
825287
8543044
3757091
1194386
2115567
3208603
5068367
6158767
3386811
7876826
7321177
9951214
3134827
2184920
2561712
6322746
1351472
4430338
9977977
7563998
8316817
4634174
5391879
9924791
8353266
1241326
3251258
1932100
6012687
3548591
7258109
6837975
2091635
1015200
548713
6723554
6740155
5617081
2882322
126966
3493907
203499
78180
6628735
4904771
5156244
5467833
8772595
2102934
7962162
6336593
419752
2596336
1728473
2860895
949602
2969799
6112153
5398054
1498838
2177097
2656163
8336813
6785084
3671363
1401879
3508639
2927870
7018960
8907313
3054837
3029219
1627164
5649369
2174306
6531935
3321966
158491
5304530
5424900
8120654
1641123
8361004
3233342
5885948
3738251
6699297
1372099
2366757
2097351
2870938
4543854
4753515
3724103
1328938
941230
5125982
7353929
3869101
4661294
8777594
9440290
7690514
404758
7606011
9864820
9453045
927977
23312
7273927
8869230
660318
1431403
9746586
3893660
7317351
3484838
592957
8689451
5851595
2690309
4076741
395449
9960176
7800844
4240739
3417758
5443179
4111021
9803211
104473
5404967
9243501
7794987
5809726
9365865
176160
7779123
2810194
2715824
5053051
1679424
3376142
6484454
1426011
9786154
6318157
4910849
379112
7523960
3278796
5585773
1600701
3674245
8062301
9401546
431336
1480059
7361077
7058709
1283271
7465550
2463677
3043124
7776890
789755
4925341
469402
8568878
7735536
3185226
6138281
1931312
6561368
2622735
5873675
8863874
1457245
3300876
9242986
8981205
6579672
7345111
581907
2770269
5407412
2499805
3201606
9403824
9860882
260315
3203447
9842784
5240344
8762923
7619674
6030099
3688265
8089076
4598978
3940153
3790654
737259
5871465
2868374
5876347
1745141
1732249
7333592
7562369
3491587
6314797
4142042
836699
9413056
6912311
8760463
1912861
2630269
680639
4290095
5406937
3884086
4132880
647281
2647010
4268906
6677381
6335275
4874335
1276359
275428
1181341
4529970
8663245
4049716
406317
2924738
5781965
256261
487108
1789904
6571059
4629150
2626603
8500467
4057813
3903419
2929681
9204435
4584058
7219776
4611372
8468145
3869008
5258653
3631507
654267
4452386
2483134
5528602
5728745
2758562
6709943
2775068
3938159
3276011
3181385
6862898
1574328
3437647
7350006
3364233
2525058
4495508
8507188
1025525
1069673
2410607
3955206
274108
9511018
3691335
4885480
7979163
7560343
2660486
4127022
8214610
7112872
6610156
6259564
5357970
1885070
5485860
8133038
5823229
8761871
1314423
2686127
336200
7268422
2552485
3700433
2309832
9564345
4723973
3335358
634019
7134581
9806916
3424479
6645599
3498251
8309960
7141114
3574947
3486798
1268136
1789557
599670
394644
565474
8473992
2279714
6051334
6607030
8102943
4813205
437806
3305423
5149405
7706228
8374260
1366190
16061
7938606
6090164
5867771
1088977
5741097
8191039
4513456
4903048
1689291
5339768
4560514
7780590
8826566
8345002
2086499
1942589
8739646
2651973
416581
1019360
8703307
7023612
9122303
3516513
9977770
4944078
1182270
7683998
3318339
5064813
216411
1256945
3671329
8600534
4862274
9412426
6791574
9375730
6831826
997217
4715499
1392340
8777807
3542065
9737342
864306
8001006
993340
3516280
8417588
2012700
2219587
7957552
3651355
8252452
7935322
8595434
1951075
8135672
4430125
7015888
8352084
8203422
687217
9468970
3065696
2615995
6260544
2441426
9447821
7257761
7156925
3356513
8551920
3215343
5610207
9416227
1216349
6603547
5448859
2150289
8616247
184798
107841
4783954
953603
8043163
5895740
2904678
8695188
325865
2436918
7047272
8529287
3124135
6516242
1594983
8256482
5293139
6552762
220655
5067252
6226039
3577168
3619173
9441382
9187375
3035400
3174084
5790922
1000611
7840725
6923521
1185409
7948567
1707475
2139012
8508082
7603216
5043690
7203270
7929081
9996960
6766894
8974721
3121095
5799489
569704
3893929
1092628
7122466
4114584
6159880
5864858
208104
9779053
5306240
9395479
5330805
996676
7702753
8847768
8837402
4626274
33178
9302321
8850102
4688542
326755
8969670
2248585
7530026
9415103
2245545
6813272
8389824
7882993
2612761
1475881
1776922
6221741
1114699
8407859
2381622
6979557
8615963
4677027
4802150
527795
2524185
5798826
8230548
1371953
7152580
5373175
3921483
6454901
6739629
8610026
6781657
5709299
858611
6828035
5124402
3104156
3641307
3514227
3503501
8770421
7506460
5280424
4992162
8621159
3688283
9890136
8117069
4820598
7083516
2919219
5348393
2124053
8718045
3578942
3496006
8386978
1468469
9933842
7358231
8208098
8543868
4139888
3917397
1918831
3484275
1558151
7539339
9641935
7588730
1042841
8412356
5095190
6323265
5920870
6232702
2527900
5811007
4349771
7348498
5410875
7268990
2696892
7534928
8503387
8792186
3547286
6890365
260655
3481128
4248597
985105
2024996
904837
7418854
3943827
4389113
8977005
3999519
6547400
6565736
5042360
4959756
4177278
3881977
880626
409980
6409877
9207985
4759751
6274727
4618860
4545093
1487971
2153788
3048481
2796509
5701075
2455198
5573516
1698555
6703795
6558621
3723552
124985
3977475
183731
7030450
2954481
4183250
3577850
2036569
9225610
8537606
6213847
3107587
1934584
6623828
2033816
1142570
3899931
824896
8277782
8445025
4829219
2947923
4009858
7625729
1165350
6465056
3199245
2863905
5685204
9757867
9103809
5810189
6251694
9287541
2840639
1722527
3470791
6418489
3759096
5212754
7472447
9972944
836693
9407031
9113124
5386862
3065953
5529407
6211758
3860088
3974432
1040977
9324363
7984290
1183058
489713
6965699
4382304
5869970
2650903
6656523
4973780
8461092
2908217
6777673
3818083
7147097
2764816
236572
906193
7977570
225371
3395489
1330616
2148754
5024965
6717478
7731060
554373
5445588
1591148
7045157
9002917
915511
7545800
185976
3921576
4511499
4568280
9791546
7162402
3741155
7281678
8139846
9165724
4059351
1957929
6312821
6824168
4710853
9735367
7318090
4936224
3130856
8648706
7084978
672174
5366184
4816038
1226547
3328124
8923538
8271704
2331042
9839049
8333856
2517018
6276977
2845355
9601650
6068524
7757
5859157
5866554
8147603
5024881
9925906
2621884
3854055
6750074
7332737
3589422
4068164
2268961
9236630
5233223
1870292
9908804
599407
9202682
3651703
3927532
8126221
4439760
8774926
481622
2773616
1291944
6758600
5618972
3409946
5343476
8143081
9269103
1210030
8807037
4293984
1135936
1428921
664391
402362
8761659
4253813
6986879
3546972
6006796
2220102
5417264
5915600
5335861
4619947
2083656
1779745
2746168
6523416
554671
5744142
1813384
4362967
2502742
7432356
7772913
7846218
8091790
7042016
1572601
9415179
3852353
2708537
