10000
162
1192
1624
2586
2655
3853
4542
4660
5918
6212
7757
14884
15588
16061
16425
16943
17461
18830
19703
20130
21275
23312
23745
24467
24728
24940
28007
30568
31489
31748
33026
33167
33178
35726
36342
38520
39570
41104
41993
44292
44630
44907
46183
46735
46940
47612
47701
48904
51514
52260
52493
52891
56879
57210
58086
60197
63622
64567
64593
64808
66761
70383
70551
71503
73134
73734
73914
74390
75053
75310
77673
78180
78294
80855
81315
82189
82413
85369
86240
86328
86793
88212
90700
92119
93126
93256
94827
95505
98291
100151
101519
103129
103281
103332
103675
103798
104428
104473
104934
105032
107841
111161
112134
112483
112811
115119
115242
119013
119566
119734
120255
123073
123955
124282
124863
124985
125899
126966
127714
128747
128778
128866
129950
131267
132292
133389
134040
134361
135710
135814
136261
138989
140317
140976
143062
143230
143897
144469
145944
146265
148205
149532
150952
151690
151807
151924
153659
154041
154989
155171
156824
157347
158026
158065
158491
158851
160019
161209
161684
161924
162887
162998
163843
164037
164355
165047
165240
166554
166732
166817
170031
171825
171905
172174
174234
175114
175215
176160
178991
180422
181287
182263
182370
182990
183731
184798
185976
186152
190727
191260
192950
193262
194647
195220
195747
197440
197672
198478
199395
200196
201970
202342
202507
203499
203771
205190
205477
205777
205947
208104
209288
212052
213248
215250
216111
216411
216644
217744
218256
219195
219415
220357
220391
220655
220918
224554
225371
226813
227302
228775
228839
230057
232057
232329
233978
234176
236486
236572
236719
236934
236957
237846
238278
239260
240157
240707
241491
243175
246515
248159
248192
248611
250431
251141
251150
255365
255403
255707
256261
258501
258948
258992
259078
260231
260315
260655
264764
266428
266781
267636
268972
269036
269161
270289
270409
270693
272405
273895
274108
275428
275862
276624
276856
277101
277281
278033
278661
281573
285237
289739
290432
290768
291009
291076
294185
294891
295759
296073
296417
297333
297521
297859
300696
301576
302230
303840
304253
305131
305508
305552
305878
306043
308113
308114
311495
311664
313631
313907
313913
314239
315382
315466
315881
317513
317939
318595
319903
322042
322214
322492
322999
323616
324345
324421
324437
324966
325865
326755
327014
328293
331525
331672
332821
334954
336200
336798
337234
338025
338715
339562
343967
344989
346093
346575
348292
348843
352225
353333
355940
356063
357491
358409
358736
359020
359092
360397
360713
361400
361602
362426
367687
368205
368667
368992
369099
369322
370135
371833
375038
379071
379112
380094
382463
383052
384655
386738
388303
388605
388856
390326
391604
393158
393540
394145
394513
394644
395277
395314
395449
395463
398738
399613
399905
402362
403002
404390
404758
404857
405053
406317
408094
409007
409980
411153
413308
413802
415828
416581
416835
418352
419598
419752
421087
422405
422441
424873
425408
425454
431336
433550
434000
434957
435055
435325
435728
437806
439252
440366
441685
442661
446269
446370
448003
448721
450143
450413
450724
450922
451651
454960
456139
456529
457003
457072
457589
458382
459041
461234
462600
462675
464877
465419
466608
467584
467958
469402
469712
473827
477126
477249
479410
479569
481345
481622
482026
483090
484063
484213
484218
484667
485037
485963
487108
489306
489713
491605
494887
495295
495906
496852
497532
497718
502021
503075
503626
504125
505218
505636
505774
507181
509598
509800
509959
510439
511960
512101
512608
516519
517038
517478
518758
520621
523079
523695
524618
524717
526655
527320
527795
527880
528120
530121
533372
533652
534991
535951
536328
536412
536658
537826
538132
539326
540161
541420
543616
545244
545244
545320
546833
547405
548091
548713
549308
549562
552759
554006
554373
554671
554763
556008
556391
558111
560041
561994
564692
565035
565474
566677
566885
567910
568584
569704
571032
571827
573033
573308
574736
574885
574938
576294
577162
578282
578326
579308
580619
580638
581324
581907
582054
582380
585851
586316
586764
587627
588134
589051
590908
590929
591231
592957
593927
594374
595558
596070
596459
596835
599017
599407
599670
599892
600753
600843
601476
602398
604793
606766
607762
607781
608290
609288
609438
609952
610550
611072
611533
614979
617990
620577
621417
623506
623944
624735
625409
625784
625799
626602
631485
632507
632847
633025
634019
634063
635720
637028
637039
637232
638225
638363
638648
640191
640596
641062
644448
645012
645037
646735
647281
647642
648310
648722
649740
650441
651326
651860
652929
653351
654267
654936
656362
656499
658178
660318
660349
660634
661338
662057
662716
662921
663652
664391
666322
666805
667125
667473
667581
668175
668672
670688
672174
672225
672280
674476
676479
678671
679216
679348
679464
679485
679578
680639
680728
681050
681633
683928
684456
687217
687276
687749
688665
688668
689068
689312
689396
689490
691404
693026
694497
695416
696148
697139
698397
700042
700863
701368
701579
702335
702609
703319
704035
706573
709605
711881
712506
714960
717106
718067
719987
720024
720212
724042
725559
725742
726155
727200
728805
729335
729604
729802
731137
731196
731309
732513
732870
732890
734147
734497
734597
735668
737259
737369
744454
745099
745142
746094
746444
746800
748023
748073
748864
750006
750380
751009
752751
754105
755826
759537
762356
762843
766079
766673
767450
771549
772797
775064
775445
776599
777291
779108
779274
780772
781962
782457
785167
785342
785761
785839
786055
786174
786367
789755
789789
791515
791637
791755
791772
791823
793246
795352
797108
797899
798023
802957
803556
803578
803864
804639
805182
805934
807134
807319
807364
808276
810115
813639
814463
818621
819380
820392
820791
822005
824422
824896
825287
826171
827902
828188
828603
828751
830122
834384
834523
834863
834970
835042
836609
836693
836699
836904
839228
839753
840004
841413
841477
844509
844758
845222
845950
847111
848633
848755
848872
850586
851821
852553
852735
853680
854092
855120
855171
856168
856798
858611
860786
862152
862398
863347
864306
864419
866461
866758
866793
868132
868859
869057
869060
869757
870748
871083
871575
872022
873377
876377
878141
878887
879306
880626
880638
881577
881962
882777
883184
883559
885455
887265
888066
889330
891363
892511
894115
894818
895343
896432
896717
898766
899325
899566
900513
901433
903047
903142
903267
903907
904837
906193
908578
908852
911410
911592
911779
912101
914511
915511
915593
915683
915795
917180
918053
918120
919093
921374
921594
922743
924437
926166
927977
928387
928731
929009
929244
931914
932453
933090
935717
937863
938051
938262
940974
941230
941391
941550
942262
942806
946011
946246
946413
948104
949067
949383
949602
953603
955674
955795
957832
958727
959423
960186
961018
961834
962367
964151
966155
968788
971278
971821
972708
973043
973268
974769
975130
978241
978321
978621
979414
979470
979696
979942
980574
981529
981989
982767
982802
983368
984575
985105
985191
985839
985839
987604
988530
989649
989776
993263
993340
993919
994915
996676
996689
997217
999305
999617
1000611
1003371
1006504
1009660
1010308
1011362
1012103
1012913
1014142
1014677
1015200
1015641
1016082
1018421
1019360
1025525
1025709
1025804
1027337
1027846
1029138
1029235
1030272
1031461
1034176
1034734
1034794
1034999
1038583
1038995
1040977
1041231
1042841
1043931
1046672
1046945
1046952
1048033
1048216
1049741
1050127
1050395
1052543
1053581
1054590
1055454
1056498
1056949
1057861
1058318
1061158
1063982
1064552
1065490
1065615
1065625
1065838
1066807
1066925
1069006
1069673
1071735
1072238
1072311
1072985
1073521
1075369
1077500
1077526
1079095
1079233
1080288
1080838
1082090
1083032
1083113
1084203
1088559
1088706
1088977
1090586
1090735
1092519
1092628
1092659
1093674
1094525
1094760
1095024
1096338
1096623
1100083
1100420
1101728
1102085
1104087
1104417
1105178
1105708
1106763
1106802
1107028
1107842
1107870
1108783
1110291
1114281
1114699
1117724
1120751
1121011
1122767
1123760
1123831
1124481
1128001
1129029
1134429
1135936
1136228
1136543
1138879
1140784
1140896
1142013
1142570
1143909
1144483
1144764
1145203
1146668
1146860
1147675
1148699
1149431
1151737
1153135
1154638
1155577
1155624
1155674
1156295
1159625
1160038
1161374
1161558
1162210
1162409
1163470
1164038
1164186
1164377
1165350
1165788
1166746
1167185
1167805
1167859
1168150
1170279
1170294
1171053
1172626
1174053
1176330
1176402
1176677
1179743
1181341
1182270
1183058
1185274
1185409
1185766
1185994
1187310
1187666
1188134
1188185
1189370
1189524
1189593
1191251
1192760
1192833
1193369
1194386
1194700
1194902
1195441
1196741
1198400
1200781
1201375
1202740
1203289
1203752
1205427
1206018
1207177
1207675
1209344
1210030
1210352
1211351
1211429
1212175
1212926
1214690
1216349
1216878
1217364
1218315
1219175
1220456
1220779
1221447
1222125
1222773
1224270
1225058
1225891
1226547
1228285
1228835
1230086
1230663
1231960
1233169
1233918
1234454
1235160
1237095
1237653
1239505
1239859
1241326
1242046
1243351
1243970
1244639
1246151
1247955
1248086
1248875
1249887
1251071
1252451
1253043
1253076
1253622
1254797
1255681
1256176
1256945
1258241
1258776
1259085
1259155
1260648
1262022
1263181
1263188
1264062
1266072
1266948
1268136
1271751
1272591
1272618
1276359
1276496
1276618
1277276
1278550
1279474
1280073
1281367
1283271
1284583
1285345
1286509
1286895
1287256
1288078
1290262
1291334
1291944
1292940
1296245
1297154
1299388
1302020
1302771
1303136
1304054
1304620
1305429
1306369
1307014
1308547
1309229
1309605
1310121
1310442
1310841
1312305
1313556
1314126
1314423
1317760
1317809
1319092
1320023
1320243
1320779
1322138
1322388
1324294
1326455
1326552
1326874
1327565
1327872
1328771
1328938
1330249
1330506
1330616
1330703
1331170
1331858
1333662
1335188
1337221
1338483
1338668
1339083
1340720
1345394
1346242
1347349
1349601
1349676
1350114
1350408
1351315
1351472
1352594
1353402
1354365
1356181
1357629
1358204
1359354
1359931
1361490
1362089
1364204
1364364
1365016
1365200
1365603
1366190
1367009
1367492
1368907
1369541
1369894
1370127
1370151
1371953
1372007
1372099
1372404
1372620
1374289
1374498
1375033
1379973
1381098
1381826
1381959
1384396
1385556
1385715
1386276
1386359
1387660
1388157
1389801
1391021
1392156
1392340
1392405
1392484
1395283
1396617
1397185
1397316
1397495
1397621
1399135
1399775
1399801
1400630
1401879
1401962
1403676
1404485
1404710
1406497
1406945
1407496
1408311
1408442
1409380
1410785
1411953
1413832
1414469
1414816
1415446
1421805
1421958
1422923
1425704
1426011
1426724
1426937
1428519
1428921
1430503
1430838
1431116
1431403
1431719
1431720
1431928
1431944
1432180
1432697
1433185
1433901
1435043
1435154
1435443
1436134
1436369
1437688
1439317
1439593
1439682
1439921
1440117
1441138
1442764
1443397
1444662
1444738
1445733
1447987
1448866
1449274
1449882
1450010
1450523
1453228
1453678
1455840
1456718
1457245
1457792
1468469
1469226
1471040
1471833
1471834
1472382
1474072
1474170
1474506
1475881
1477705
1478215
1478454
1479349
1480059
1480550
1482941
1483109
1483981
1486611
1487173
1487246
1487971
1488165
1488556
1491020
1491061
1491679
1492060
1492542
1492746
1497648
1498838
1499967
1500419
1502321
1503198
1504454
1505477
1507490
1508028
1509024
1510237
1510281
1511822
1511982
1512582
1512617
1513032
1517566
1520798
1520993
1525646
1526848
1527698
1527804
1528137
1529417
1530390
1532346
1535353
1536915
1537374
1538420
1538546
1541430
1543081
1543458
1544533
1545234
1545763
1547436
1549745
1550186
1550545
1553840
1554972
1557143
1557226
1558151
1559361
1559401
1559992
1560440
1562108
1562185
1564964
1565229
1565581
1566535
1567363
1568368
1568401
1568738
1572601
1573820
1574328
1575089
1575349
1575604
1576636
1577923
1578678
1579115
1581183
1581885
1584508
1584636
1585359
1585625
1587500
1587977
1588301
1588372
1589880
1590385
1591148
1591737
1591841
1592718
1594137
1594983
1596567
1598066
1598861
1599227
1599638
1600638
1600701
1601006
1601030
1603460
1604910
1605523
1607355
1607973
1609482
1612945
1613926
1615354
1615994
1616367
1617557
1622068
1622255
1624818
1625059
1627164
1627223
1627848
1628447
1628757
1629076
1629617
1631637
1631721
1632057
1633910
1634013
1634778
1635378
1635791
1636108
1636524
1636621
1636902
1637530
1638516
1638635
1638913
1639413
1639632
1641123
1641884
1642700
1643148
1644219
1644318
1644982
1645307
1647375
1648186
1648324
1648633
1648677
1649356
1652949
1654013
1656916
1657027
1657077
1657200
1657830
1663815
1664672
1666646
1667391
1669010
1671583
1673103
1674180
1674734
1676446
1676714
1676811
1678068
1679424
1679701
1680380
1681137
1683657
1685999
1687172
1689291
1689646
1690533
1690634
1693108
1693295
1694430
1696128
1697196
1697388
1698555
1699240
1699999
1700469
1701775
1703451
1705007
1705946
1707292
1707475
1709273
1710824
1711146
1711768
1713607
1713815
1715084
1715363
1715830
1718206
1722527
1723496
1723807
1723863
1724783
1725237
1725373
1725377
1727065
1727740
1728473
1728918
1732068
1732249
1733694
1733953
1734881
1735033
1735744
1736219
1736691
1737850
1738064
1738174
1738555
1739642
1740230
1742081
1742097
1743995
1745141
1746014
1746601
1746706
1747857
1747962
1749727
1750437
1750570
1751656
1754391
1757730
1757741
1759776
1760559
1760674
1760887
1761262
1761722
1762249
1764245
1764908
1766529
1768749
1769024
1769118
1770992
1771622
1773144
1773217
1774064
1776759
1776820
1776922
1777883
1778724
1779444
1779745
1780102
1780664
1781546
1781557
1781677
1781903
1782076
1783726
1785593
1786331
1786457
1786779
1787945
1789028
1789080
1789557
1789904
1790862
1791130
1793259
1798251
1801415
1802533
1802608
1802691
1803147
1805377
1809502
1810509
1810564
1811761
1812217
1812866
1813330
1813384
1815417
1815417
1816284
1817710
1817976
1820171
1822171
1822395
1823733
1824070
1824494
1824541
1825335
1827076
1827103
1828359
1829075
1829177
1829516
1829587
1829780
1829927
1831549
1831749
1831833
1832533
1833076
1833198
1835661
1836137
1836988
1837728
1838921
1839542
1840891
1841474
1841854
1842006
1842104
1843190
1844619
1844862
1847966
1852806
1853202
1853282
1853431
1853548
1853724
1855468
1855573
1857169
1857549
1858174
1858776
1859851
1861452
1862501
1863968
1865751
1865828
1866439
1866933
1867159
1868048
1868473
1868923
1869536
1870251
1870292
1871965
1873101
1873407
1873765
1874175
1875389
1877090
1877102
1878805
1880146
1880375
1881422
1884263
1885070
1885107
1885412
1885840
1886497
1886601
1887013
1888874
1889875
1890045
1890293
1891047
1891342
1892153
1892267
1893372
1894357
1894670
1895566
1896048
1899244
1901428
1903531
1904740
1905050
1906234
1906926
1907907
1908076
1908208
1909058
1911601
1912861
1913487
1914376
1914526
1914577
1915745
1915873
1915891
1916614
1916704
1916827
1917782
1918423
1918831
1919558
1919722
1921231
1921290
1922124
1923130
1925215
1925860
1927971
1930137
1930182
1930759
1931046
1931052
1931191
1931312
1931634
1932062
1932100
1932568
1933244
1934584
1936478
1937094
1940585
1942589
1942792
1942858
1943977
1945031
1946910
1947452
1948715
1949009
1950179
1951067
1951075
1951321
1951631
1951915
1952428
1953081
1953648
1954195
1954776
1956217
1956396
1956450
1956769
1957249
1957628
1957929
1958145
1959092
1960021
1960704
1963619
1963804
1964733
1965038
1967267
1968425
1968603
1969084
1970495
1971645
1971965
1972142
1972433
1972690
1973780
1973887
1974218
1974874
1975585
1977507
1977786
1978677
1978941
1979915
1981538
1981556
1982240
1986123
1986312
1986881
1986975
1987226
1989000
1994768
1996534
1996773
1996960
1997058
1997873
1999248
2000845
2001537
2001644
2002509
2002980
2003686
2006786
2008539
2009235
2010697
2012581
2012700
2012935
2014190
2014395
2015175
2017024
2017968
2018327
2019663
2020848
2021403
2021967
2022023
2023300
2023626
2023941
2024996
2026658
2027040
2030726
2031756
2032324
2032958
2033816
2033924
2034954
2035278
2035313
2036050
2036569
2037951
2038943
2040079
2040301
2041861
2042341
2042533
2042541
2042623
2044075
2044994
2046656
2047786
2048234
2049187
2050290
2050397
2051719
2052022
2054158
2054966
2056540
2056696
2056702
2057475
2058669
2058765
2058961
2059892
2059896
2061651
2061675
2062155
2062838
2063300
2063306
2065473
2067715
2069487
2070106
2071053
2074173
2074409
2074631
2075182
2075203
2075894
2075915
2076220
2078469
2079493
2080498
2081351
2082267
2083656
2083824
2084096
2085516
2086468
2086499
2091635
2092490
2093909
2094058
2094413
2094505
2095115
2095155
2096458
2097296
2097313
2097351
2098460
2098698
2099737
2099762
2099834
2102934
2103409
2103761
2104259
2105568
2106109
2114345
2114765
2115105
2115567
2118216
2118736
2119205
2120616
2124053
2124695
2125953
2128331
2128731
2132412
2133640
2135007
2139012
2139844
2140856
2141670
2141690
2141857
2143144
2144189
2145337
2147034
2148754
2149975
2150289
2150886
2153788
2155742
2156791
2158160
2158892
2159216
2161429
2161927
2163783
2164087
2164783
2165070
2165214
2166166
2167015
2167235
2169268
2169452
2169580
2172752
2174306
2175403
2175416
2176249
2176253
2177097
2177746
2178090
2178228
2179212
2179640
2181350
2181665
2183147
2184501
2184920
2186691
2188174
2189106
2189470
2189475
2189778
2190208
2193188
2194217
2196557
2198344
2199304
2200256
2200618
2200876
2201020
2201281
2203142
2203358
2207860
2208059
2209993
2211709
2214356
2215442
2215977
2216147
2216885
2219587
2220102
2220503
2220958
2223405
2228452
2228927
2230776
2235321
2235538
2236772
2237046
2239277
2240286
2240668
2240802
2241899
2242488
2242799
2243450
2244114
2245545
2245689
2248585
2248727
2249966
2255009
2257354
2258222
2259512
2260237
2260611
2261257
2261817
2262645
2264542
2264640
2266923
2266927
2267867
2268301
2268796
2268961
2269631
2270537
2271214
2271848
2271968
2271985
2273860
2274026
2274818
2277151
2278192
2279076
2279714
2280961
2281176
2281609
2281993
2283624
2283720
2285122
2285792
2288591
2292137
2295259
2295872
2298511
2299767
2299880
2300403
2301082
2301381
2301424
2301969
2303384
2304163
2304465
2304817
2306234
2308188
2309832
2309912
2310149
2312285
2313372
2314206
2314644
2316557
2316729
2319549
2319617
2321859
2321945
2324091
2324760
2325369
2325526
2326336
2326502
2327546
2327649
2331042
2331754
2332575
2333251
2333255
2334914
2335889
2339047
2339192
2341561
2342163
2344572
2346524
2347765
2349063
2350733
2350829
2352570
2352984
2353550
2354012
2354473
2355524
2355779
2357618
2359829
2360165
2360230
2360461
2361906
2364863
2366757
2366934
2366956
2367137
2367358
2368356
2370064
2373568
2374144
2374247
2374416
2374670
2377330
2377472
2380492
2381057
2381365
2381622
2381732
2381897
2384537
2386393
2387114
2387916
2388828
2388945
2389309
2391468
2391585
2394170
2394316
2394671
2395520
2398260
2398944
2399592
2399991
2400487
2402816
2404821
2405838
2406646
2407301
2407509
2409641
2410607
2411036
2411090
2411376
2411439
2412272
2412463
2412958
2413692
2414270
2414437
2416376
2416988
2417179
2417249
2419764
2420176
2422747
2422810
2422810
2425683
2426960
2430207
2431710
2433645
2435599
2435795
2436918
2437990
2438608
2439950
2440181
2441426
2442409
2442962
2444658
2445269
2445275
2447499
2451415
2453570
2455198
2455304
2456447
2457746
2458835
2459318
2459929
2460284
2463677
2465491
2465992
2467798
2468402
2469858
2470670
2470965
2472072
2473669
2474682
2474812
2474813
2477357
2477843
2478618
2478783
2478903
2479083
2479126
2479848
2480578
2481271
2482523
2482805
2483134
2483639
2484768
2484795
2484939
2486029
2487683
2492102
2492130
2492375
2493312
2495192
2495465
2496139
2496414
2497802
2499177
2499805
2500411
2501139
2502163
2502742
2503651
2505848
2505911
2506150
2506426
2508784
2509615
2510365
2511518
2511759
2513275
2515789
2517018
2519170
2519298
2519954
2521494
2524185
2524848
2525017
2525058
2526613
2527900
2527983
2528579
2531633
2532416
2533562
2534839
2535527
2536294
2536670
2537650
2538490
2539458
2540762
2540943
2541544
2541708
2541865
2542062
2542122
2542185
2543026
2545498
2546564
2548027
2548248
2548729
2548919
2550139
2550416
2550783
2550798
2551870
2552010
2552485
2554568
2556541
2557685
2557822
2558569
2559405
2560573
2561712
2561889
2562392
2562971
2563081
2566425
2567127
2567538
2568334
2568945
2569912
2572529
2572530
2573715
2574909
2577293
2577635
2578693
2581666
2582262
2582519
2583905
2584116
2584594
2585196
2585747
2586366
2590488
2591813
2592414
2592886
2594564
2594618
2595558
2596336
2597166
2599272
2600356
2601327
2604758
2605716
2607163
2608533
2608693
2608974
2609776
2610498
2610652
2610811
2612761
2613608
2614335
2614520
2614696
2615995
2621884
2622735
2623288
2626603
2626697
2627873
2628857
2629795
2630269
2630635
2633257
2633485
2634495
2635759
2636009
2640750
2643177
2644522
2645199
2645428
2646032
2646130
2646199
2646988
2647010
2648873
2649089
2649157
2650903
2651814
2651973
2653303
2654027
2654606
2655725
2656163
2656471
2656614
2657307
2657465
2658380
2660103
2660486
2661137
2661801
2662580
2662741
2663113
2663258
2664102
2666072
2666428
2666569
2668823
2669414
2669976
2670016
2672101
2672160
2672285
2674238
2675080
2675177
2676608
2677066
2677276
2677375
2677472
2677542
2677737
2678538
2680010
2680053
2682424
2685871
2686127
2686439
2687537
2687872
2690219
2690309
2690854
2691628
2692972
2693145
2693467
2695724
2695762
2696748
2696892
2700201
2700882
2701503
2701734
2702335
2702908
2703820
2704326
2705461
2707677
2708094
2708537
2709216
2709539
2710598
2711682
2712121
2713699
2714861
2715428
2715764
2715824
2717672
2718230
2718332
2718799
2719192
2719408
2719995
2721311
2721562
2723654
2724424
2725027
2725619
2727011
2727063
2728496
2729006
2729074
2730284
2730308
2732374
2732750
2734513
2734889
2736117
2736290
2737673
2738855
2739065
2739234
2739280
2739480
2741649
2743653
2743771
2745418
2746168
2747559
2751262
2752393
2752694
2754323
2754518
2755773
2756178
2758408
2758562
2759272
2759725
2762520
2763561
2764558
2764671
2764751
2764816
2765110
2765417
2765899
2766232
2767296
2767684
2767719
2769609
2770269
2770271
2771229
2771583
2773616
2774089
2774826
2774836
2775068
2775458
2775503
2776467
2777189
2779505
2779826
2781892
2783437
2784676
2786550
2786983
2788387
2789877
2790295
2791165
2792984
2793675
2794650
2794678
2796361
2796509
2797279
2798402
2799324
2799378
2799705
2802644
2802974
2803618
2804586
2808459
2808744
2809222
2809413
2809452
2809657
2809692
2810194
2811611
2812544
2812563
2815530
2818212
2818569
2819378
2819805
2822064
2822334
2823172
2824226
2824621
2825718
2825893
2827823
2832746
2833710
2835144
2835271
2837238
2837529
2840171
2840639
2840753
2841397
2841683
2844747
2844818
2845355
2845921
2846127
2847506
2849869
2851371
2852785
2852910
2853235
2855145
2855234
2856710
2857524
2857824
2860036
2860750
2860895
2862690
2863905
2864116
2865413
2867371
2868206
2868374
2869104
2870569
2870938
2873163
2875860
2876650
2878592
2881021
2882322
2882442
2883648
2884698
2885644
2885784
2885811
2886418
2887418
2887914
2889932
2890708
2895749
2898999
2900596
2901654
2901945
2904678
2905419
2905930
2907156
2908181
2908188
2908217
2909028
2910919
2911449
2914518
2915460
2915486
2916875
2919070
2919072
2919219
2921297
2921684
2921930
2923838
2924738
2925108
2926144
2927099
2927255
2927378
2927870
2928544
2929681
2932203
2933478
2933677
2933861
2934031
2934772
2934925
2935134
2935225
2936779
2938117
2938673
2938741
2938807
2941775
2943250
2943607
2943915
2943966
2947627
2947923
2948427
2949111
2950076
2950098
2951573
2953232
2953317
2954481
2954588
2954854
2955866
2956069
2956707
2957974
2959260
2959708
2962528
2964831
2965871
2967846
2967871
2968371
2969799
2978185
2978404
2981165
2981918
2983018
2983039
2983978
2985743
2986110
2988401
2988479
2991321
2993993
2994931
2995711
2996199
2996734
2997342
2997744
2999309
3000576
3000593
3001198
3001519
3001698
3002902
3004226
3006165
3006671
3007634
3007742
3008228
3012748
3015163
3015560
3016769
3016875
3017724
3021006
3022198
3023429
3025817
3026346
3027651
3027958
3027959
3028578
3028879
3029219
3029264
3029505
3029932
3030158
3030598
3031363
3031685
3033420
3034350
3035400
3036504
3038450
3039104
3039914
3040635
3040904
3041989
3042346
3043124
3043702
3044887
3045808
3048282
3048366
3048481
3048955
3049040
3049552
3050609
3052353
3053455
3054837
3056515
3057260
3057909
3058817
3059166
3059467
3059705
3060738
3062747
3062848
3065696
3065953
3067072
3067462
3068951
3069778
3070227
3072580
3074520
3075384
3077041
3079311
3080290
3081199
3085168
3085191
3087169
3087755
3089470
3089805
3090144
3091554
3092213
3092655
3092828
3093589
3094038
3094729
3095312
3095773
3096317
3097644
3099416
3099753
3099922
3101740
3102214
3103312
3103896
3104156
3104501
3107587
3108565
3109941
3110370
3110825
3110953
3112083
3112931
3113582
3113745
3114074
3116594
3118472
3118816
3119352
3120540
3121095
3121463
3122687
3124135
3124409
3125681
3128134
3129338
3129509
3129725
3130838
3130856
3131466
3133395
3133397
3134827
3135108
3135138
3136655
3137176
3138742
3139320
3141443
3145298
3145449
3146137
3146400
3147453
3147784
3148273
3149042
3149500
3152780
3153526
3154443
3154629
3156067
3157493
3157680
3157794
3158277
3158405
3159701
3160209
3162386
3165463
3167339
3167586
3168363
3169061
3170380
3170933
3172514
3172885
3173362
3173963
3174084
3175878
3176958
3178293
3178417
3178734
3179505
3181385
3182159
3182355
3183262
3183375
3184277
3184460
3185226
3185673
3187918
3189492
3189506
3189655
3191538
3191728
3191802
3192605
3192947
3193076
3193107
3193959
3194234
3195893
3196441
3197593
3197963
3199245
3200582
3201606
3203447
3206315
3206773
3207381
3207832
3208603
3210736
3211692
3212712
3214441
3215343
3215402
3216085
3216228
3216699
3217270
3218162
3218424
3219948
3220384
3220673
3221014
3221344
3221491
3222475
3224347
3228995
3230680
3230745
3232386
3232786
3233342
3236118
3236308
3236536
3236925
3238989
3239386
3239575
3239998
3243495
3245648
3245987
3251258
3251302
3251430
3251913
3252564
3253587
3253885
3255890
3257793
3259793
1221469
1448314
1116500
183190
9178664
1350151
3876710
590161
9594918
5934400
4943334
6624887
2925039
9360430
864987
9517741
7074833
6850379
1023500
3160029
9818078
9259431
9409588
2407734
7362697
7504002
6859273
4337380
7376034
6268306
5511928
8597503
232972
6628429
1297045
9411637
494932
5173756
2518150
89850
3624508
9977836
6714738
6549547
1854619
96077
8583641
1445804
9462809
2123493
4605834
9280887
1382924
6531774
4204973
8745622
4035776
3580598
5599354
1411810
9848904
1111283
2525665
81877
256064
3822711
2009866
750996
1512819
4528016
840846
7653679
7022205
71936
4203226
8876824
2684366
5303219
322628
2147175
7426713
7444814
3944414
1325989
3976588
8149388
2587963
8012365
1729986
8187318
1940527
1578891
1814953
6982545
4177120
2071017
3321608
6186986
5338365
4834427
3372230
3372344
3376142
3377452
3380295
3380834
3381527
3381567
3382913
3383176
3383855
3386811
3387399
3390336
3390675
3391177
3393084
3395489
3396587
3397342
3398171
3400989
3402444
3403343
3403495
3404501
3404625
3406000
3406533
3406852
3407607
3409578
3409720
3409944
3409946
3410058
3412147
3412508
3413279
3414552
3416412
3417161
3417758
3418002
3419241
3419315
3422462
3424435
3424456
3424479
3426569
3427418
3427500
3429614
3429707
3430143
3431113
3432731
3434510
3436650
3437647
3438216
3438334
3442531
3443283
3444740
3444908
3444970
3447244
3447350
3452688
3453072
3453273
3454605
3457250
3457813
3458582
3459205
3459790
3460285
3460443
3461034
3461783
3462060
3462404
3463499
3463570
3464426
3466583
3467854
3468472
3470791
3472544
3475412
3475971
3476630
3477411
3481128
3481684
3482177
3482538
3483017
3484275
3484838
3485318
3485775
3486723
3486728
3486798
3487829
3488516
3488950
3490325
3491186
3491587
3493375
3493618
3493907
3494140
3495940
3496006
3497243
3498251
3498737
3499081
3499228
3500862
3503501
3505943
3506436
3508639
3510200
3511083
3512211
3514227
3514270
3514326
3516280
3516513
3520996
3523045
3525594
3526609
3527400
3528598
3530948
3533431
3535416
3535572
3536232
3536470
3536676
3537339
3537750
3539941
3540251
3540717
3541112
3541584
3542065
3542843
3545724
3546648
3546960
3546972
3547286
3548591
3549461
3552480
3552571
3554764
3555131
3556064
3556074
3557362
3557670
3558133
3559227
3559405
3559582
3559657
3561687
3561714
3567043
3567166
3568123
3571303
3571607
3571750
3572523
3572596
3573401
3573873
3574947
3575962
3577168
3577850
3578834
3578942
3579693
3579908
3580271
3580664
3580762
3581672
3584017
3585452
3586859
3587027
3588539
3588596
3589166
3589422
3590846
3591727
3593092
3593150
3594495
3594690
3596198
3596274
3599355
3600218
3600894
3601496
3602849
3602871
3605533
3608449
3610096
3612258
3612956
3613691
3615170
3616150
3617218
3618305
3619173
3622370
3622608
3622997
3623024
3625221
3627809
3628791
3628797
3629034
3629972
3630436
3631487
3631507
3632789
3634829
3637540
3638311
3638635
3641307
3641420
3641611
3641637
3641677
3643476
3643896
3644396
3646182
3646228
3647452
3649434
3649691
3649707
3651355
3651703
3652063
3652123
3653123
3654891
3655277
3660774
3661088
3662175
3662227
3662233
3664060
3664165
3665794
3667553
3667933
3668109
3671300
3671329
3671363
3671693
3671746
3671909
3671940
3673964
3674049
3674245
3674256
3676078
3677120
3677314
3679087
3679377
3679384
3679440
3684344
3685325
3687783
3688234
3688265
3688283
3688926
3689238
3689816
3690218
3690222
3690792
3691230
3691335
3692262
3692271
3694991
3695568
3696174
3697100
3700433
3700612
3701333
3702288
3704610
3704746
3705375
3705887
3707627
3709152
3709304
3710560
3710827
3712610
3715089
3715144
3716662
3716975
3717897
3718488
3720669
3721031
3721082
3721235
3722760
3723552
3723984
3724103
3725288
3726594
3727214
3728910
3732180
3733958
3736860
3737072
3737761
3738251
3738263
3740411
3740552
3740934
3741155
3741632
3742086
3742786
3742831
3745024
3748264
3748501
3750025
3750606
3751085
3751147
3751994
3752052
3752204
3752350
3752827
3754026
3756463
3757091
3759082
3759096
3759301
3761891
3762093
3763704
3765079
3766203
3767430
3767736
3767961
3768105
3769500
3770003
3770761
3771863
3773010
3774049
3774699
3774998
3779152
3781441
3782551
3782860
3784602
3788284
3790531
3790654
3790707
3791004
3791765
3793885
3793989
3795768
3796017
3796181
3797747
3798050
3799247
3802131
3803354
3804680
3804756
3804842
3805054
3805270
3808375
3810186
3811351
3814733
3815998
3817740
3817747
3817858
3818083
3819507
3820401
3821973
3822120
3824011
3826414
3826893
3829006
3830363
3831435
3831886
3831952
3832988
3833644
3835306
3838630
3839157
3839782
3840037
3841749
3842645
3842953
3845005
3846117
3846499
3847473
3847674
3848521
3849806
3851569
3851776
3851957
3852065
3852353
3852575
3854055
3857217
3857726
3859327
3860088
3860528
3861642
3861797
3862166
3862609
3863850
3866969
3868265
3869008
3869101
3869209
3869842
3875191
3875700
3876547
3877691
3879222
3879254
3881052
3881596
3881770
3881977
3883326
3883353
3883367
3883520
3883556
3883844
3883903
3884086
3884716
3884928
3884937
3886337
3889859
3893660
3893929
3894704
3897462
3897680
3897833
3899487
3899931
3900639
3900652
3901093
3903155
3903419
3903439
3903493
3905698
3908522
3910553
3910731
3913183
3913940
3914886
3917397
3917859
3918199
3918322
3918432
3918762
3920262
3921483
3921576
3925934
3927112
3927532
3928340
3928831
3931225
3931646
3934382
3934737
3936658
3937805
3937941
3938159
3939425
3939555
3940153
3941961
3943087
3943827
3944703
3947400
3947922
3949915
3950630
3952552
3952669
3952872
3953075
3953203
3953989
3954272
3955206
3955677
3956029
3956063
3957762
3959406
3960866
3962491
3965012
3965611
3966538
3966785
3970079
3971600
3971721
3972387
3973415
3973549
3973702
3973708
3973843
3974159
3974432
3974800
3976232
3976415
3977061
3977304
3977475
3980046
3980389
3980820
3981137
3981919
3982263
3984066
3984342
3985557
3987718
3990810
3993336
3994170
3996162
3996229
3996673
3997817
3998353
3999519
3999705
4000466
4001741
4003375
4006761
4006998
4007387
4008772
4009242
4009858
4012106
4012672
4013928
4014027
4016290
4018537
4018837
4019351
4020772
4020958
4022004
4022252
4023093
4023153
4025218
4025453
4026191
4026500
4027386
4027866
4033692
4033850
4033861
4034462
4034686
4034823
4034966
4035973
4036471
4036496
4039591
4039784
4043166
4043533
4044161
4044439
4045869
4046449
4047218
4048050
4049556
4049716
4051551
4052327
4052334
4053304
4055394
4055968
4056988
4057694
4057813
4058141
4059111
4059351
4059662
4059801
4061116
4064866
4065772
4068164
4069022
4069075
4069570
4070226
4071493
4072547
4074753
4075772
4076065
4076741
4076821
4080570
4081427
4082080
4082881
4084269
4085169
4085406
4086468
4087790
4089950
4090127
4092949
4094578
4094615
4095482
4097023
4097793
4098124
4098369
4100027
4100330
4100559
4101186
4101256
4101501
4102881
4103372
4104588
4105645
4106324
4106845
4107114
4107803
4108048
4109723
4109897
4111021
4113322
4113968
4114584
4115114
4116901
4118317
4119280
4119783
4120098
4120130
4121638
4121911
4122488
4123086
4127022
4127805
4128345
4129273
4130906
4131040
4131504
4132116
4132880
4134474
4135620
4136600
4136672
4137362
4139888
4140020
4140427
4140672
4141026
4142042
4142625
4144336
4145415
4146236
4148140
4148932
4149220
4150453
4150909
4155696
4156438
4157143
4157445
4158123
4158801
4158967
4160453
4160466
4160589
4160830
4161756
4161893
4164841
4165644
4165995
4166332
4166952
4167016
4167240
4170369
4170496
4171353
4173241
4173580
4174246
4175001
4175131
4175367
4175473
4176472
4177278
4177516
4177921
4178417
4178841
4180631
4181947
4182594
4183250
4184851
4185163
4185369
4189339
4189650
4189769
4190023
4191104
4191262
4191496
4191511
4192259
4193037
4193434
4194680
4195463
4196323
4196357
4197033
4197610
4198106
4198744
4198853
4201343
4201652
4201972
4202112
4204136
4204854
4204950
4205289
4205459
4205978
4207399
4208071
4208566
4214002
4214374
4214682
4214843
4216122
4217159
4218597
4219184
4219590
4221730
4222233
4222317
4223288
4224613
4226239
4226442
4228566
4228612
4229668
4230020
4231543
4232774
4235118
4235691
4239072
4239551
4240677
4240739
4240807
4240940
4241339
4243204
4248263
4248597
4249360
4249763
4249780
4251000
4251973
4252658
4253813
4254161
4254715
4255590
4255949
4257030
4260014
4260482
4264948
4264951
4265400
4265716
4268906
4269393
4270062
4270624
4273044
4273334
4274750
4278628
4279449
4281830
4281956
4283514
4284729
4284833
4285667
4286550
4286595
4289307
4289566
4290095
4291036
4291872
4292227
4293984
4295376
4296241
4297966
4298106
4299565
4299600
4300345
4301529
4303421
4303619
4306635
4307014
4307343
4307673
4308089
4308939
4309033
4310095
4311081
4311634
4312962
4313321
4314094
4315173
4316701
4316911
4317232
4318221
4320743
4324046
4325687
4327178
4330300
4330793
4331644
4331672
4333571
4333572
4334021
4334174
4336898
4338008
4341586
4342566
4344861
4345812
4345862
4346583
4347233
4348215
4348370
4349024
4349424
4349771
4350853
4351200
4351415
4354032
4354478
4355548
4355854
4356342
4356703
4356895
4357386
4359530
4362967
4362972
4363154
4363678
4365368
4365881
4367040
4368129
4368188
4368590
4369399
4370365
4371909
4372114
4372386
4372522
4373672
4374103
4374782
4376370
4376980
4378298
4380618
4380678
4382304
4383308
4383541
4384006
4384555
4384740
4385804
4386686
4388667
4388904
4389113
4389918
4389984
4390143
4390154
4390930
4395359
4395624
4396340
4396362
4401387
4401512
4401580
4403610
4403852
4404166
4406856
4407206
4409980
4415210
4415481
4419667
4421502
4425136
4426452
4427228
4427498
4430125
4430338
4430530
4431455
4431668
4435595
4438455
4439074
4439760
4440004
4442508
4442606
4444397
4445079
4445397
4447328
4448425
4449814
4451762
4452386
4452398
4452818
4453021
4453102
4453456
4455692
4456942
4457985
4459789
4460153
4460348
4461375
4461873
4462692
4463495
4464463
4466114
4466141
4466186
4466614
4467341
4468155
4475888
4475897
4476366
4477042
4477213
4478155
4478819
4481081
4482123
4482562
4483195
4483964
4484534
4485685
4485789
4486173
4487663
4487968
4489387
4489691
4490324
4490415
4490608
4491113
4491379
4491850
4493910
4494357
4494790
4495508
4495917
4496375
4499242
4499551
4499619
4500354
4500704
4502261
4502506
4504057
4505680
4507116
4507345
4507564
4509164
4510214
4511499
4511949
4513456
4513642
4514036
4514561
4514882
4515855
4516192
4518570
4519335
4520128
4521621
4522414
4522690
4524421
4524460
4525250
4525347
4529043
4529598
4529622
4529970
4530253
4531029
4531589
4532545
4533160
4535535
4535933
4537197
4538611
4540362
4543558
4543854
4543987
4545093
4545573
4547952
4548024
4548391
4549106
4549139
4549567
4549876
4552340
4552786
4553515
4555427
4557819
4557890
4558469
4558716
4559018
4559836
4560143
4560514
4561200
4561737
4563608
4564533
4565056
4565073
4566362
4566756
4567796
4568280
4568635
4569014
4569328
4569611
4570269
4573067
4573428
4574479
4575816
4576424
4576624
4576694
4576961
4577261
4577834
4578809
4580316
4580397
4581000
4581002
4581118
4581203
4584058
4585657
4585711
4586112
4586969
4587084
4588706
4589139
4589705
4590214
4592399
4592436
4592853
4593586
4593690
4594827
4594879
4596810
4597383
4598179
4598260
4598694
4598939
4598978
4600901
4601510
4603264
4603455
4608772
4609700
4611252
4611372
4611728
4612458
4613954
4614511
4615683
4615789
4616908
4617970
4618221
4618860
4619947
4621547
4621784
4624605
4625029
4625633
4626237
4626274
4626937
4627444
4628033
4628227
4628407
4628879
4629150
4630112
4632558
4633028
4634174
4634948
4635322
4636286
4638969
4639086
4639593
4640177
4641482
4646345
4650718
4651717
4653026
4654554
4654821
4654983
4656460
4656487
4657584
4658759
4659483
4660436
4661294
4661612
4664002
4664429
4664732
4665019
4665177
4665368
4665458
4665507
4666810
4668224
4668615
4669994
4670426
4671076
4671664
4673000
4674247
4676403
4677027
4679565
4679807
4679896
4680896
4682998
4683201
4685380
4687379
4687400
4688005
4688542
4690492
4691005
4691088
4691287
4691409
4693645
4693939
4694937
4695841
4700165
4700350
4701290
4701372
4703832
4704708
4706428
4710472
4710853
4712787
4713143
4715154
4715499
4716949
4717740
4719465
4719470
4721570
4723501
4723973
4726702
4727653
4728449
4728587
4728693
4729459
4730113
4731534
4733803
4735643
4736169
4737044
4739494
4741488
4741751
4744207
4745341
4747917
4748457
4748866
4753173
4753515
4754467
4754906
4755596
4756006
4756464
4758305
4758561
4759751
4760393
4760823
4763125
4764833
4765164
4765751
4765909
4771844
4772800
4772937
4773916
4774126
4776473
4777021
4778744
4778874
4780339
4780766
4781088
4782167
4783712
4783954
4784439
4784524
4785499
4786159
4786677
4787393
4787895
4789614
4790950
4792800
4793218
4795927
4796474
4797752
4798469
4798553
4799502
4800377
4800505
4800816
4801357
4802150
4804153
4807034
4807972
4808200
4809583
4812882
4813205
4815797
4816038
4816745
4817802
4818266
4818459
4819888
4820598
4821035
4821273
4822665
4823856
4825123
4825991
4827202
4827771
4827835
4829163
4829219
4829401
4830174
4831653
4833069
4833462
4834554
4835642
4835786
4836835
4837158
4838103
4840859
4841335
4842606
4843215
4843272
4845944
4846056
4846901
4848435
4851766
4852245
4853455
4853971
4854379
4860451
4860905
4861643
4861729
4862274
4862550
4863160
4863743
4865471
4867240
4869516
4870985
4872459
4873086
4873934
4874335
4874398
4874887
4875037
4875181
4875866
4876230
4878213
4878352
4880096
4881898
4881901
4881981
4883369
4883648
4885480
4885508
4889847
4891336
4891648
4891721
4892707
4893441
4894165
4895897
4896485
4896938
4897347
4897547
4897584
4897832
4898272
4899805
4901220
4901397
4903048
4903867
4904771
4905062
4906386
4907195
4909090
4909448
4910849
4912006
4914857
4916958
4921842
4925341
4925871
4925912
4926146
4927669
4928400
4930187
4931853
4933559
4933887
4936012
4936169
4936224
4938698
4939397
4941691
4941708
4942320
4942500
4942527
4943919
4944066
4944078
4944729
4945236
4945806
4946785
4948096
4952519
4954727
4956039
4957020
4957492
4957668
4957973
4958774
4959756
4962230
4962416
4962949
4965136
4965331
4969496
4969881
4972147
4972399
4973182
4973259
4973339
4973780
4974226
4974270
4975111
4978305
4978661
4980705
4980752
4981449
4985708
4987487
4987996
4988086
4988834
4992162
4993031
4993553
4997037
4998299
4999652
5000112
5002781
5002886
5003904
5004066
5004498
5009378
5010129
5010810
5012180
5012910
5015543
5016662
5017405
5018371
5019563
5020760
5023399
5024621
5024680
5024727
5024881
5024965
5025307
5025640
5027586
5027822
5027862
5028086
5029520
5029610
5030248
5030446
5030595
5030927
5031448
5031828
5035067
5035721
5036008
5037803
5037955
5039045
5041221
5042360
5042480
5042869
5043534
5043690
5048879
5048963
5049682
5051655
5052930
5053051
5055408
5056560
5057210
5057295
5057382
5057752
5058014
5059143
5059204
5060417
5062521
5062525
5062951
5063577
5064271
5064344
5064738
5064813
5066306
5066683
5067252
5067605
5068367
5071538
5071901
5072401
5074660
5075590
5075873
5076760
5077352
5079604
5079731
5079745
5079859
5081041
5082590
5083738
5084381
5087243
5087992
5088557
5089973
5090109
5094006
5094026
5094741
5095083
5095190
5095539
5096776
5096797
5098136
5100614
5101731
5102107
5102518
5102597
5102854
5105699
5105989
5106185
5106769
5108498
5109282
5109893
5111558
5111856
5113082
5116333
5120321
5121274
5121279
5123987
5124263
5124402
5124412
5125904
5125982
5127906
5128533
5129868
5130433
5131174
5131216
5132101
5132280
5133578
5133713
5134388
5135176
5137471
5137936
5139103
5139805
5139979
5141730
5143246
5144652
5146220
5149015
5149405
5149676
5149802
5150677
5151002
5151885
5152498
5154145
5154259
5154394
5156244
5156318
5157076
5158604
5159143
5160756
5161728
5161782
5163986
5164148
5166032
5166059
5169522
5170745
5177625
5178018
5179232
5179253
5179716
5180514
5181053
5181200
5181455
5186311
5187011
5187658
5188198
5188237
5188973
5189283
5190167
5190796
5191641
5192713
5196302
5197077
5197912
5197920
5197946
5198087
5199287
5199510
5200913
5204860
5207613
5207943
5208179
5208290
5208326
5208348
5209312
5210613
5210741
5210783
5211515
5212005
5212754
5213208
5213434
5213843
5214818
5215225
5215930
5216314
5217591
5219479
5219544
5219815
5220545
5220990
5221117
5221500
5222399
5222439
5222681
5223580
5223612
5224070
5224097
5224707
5224964
5225777
5225866
5226990
5228308
5230145
5232311
5233058
5233223
5233742
5233780
5235430
5237962
5238832
5240344
5240647
5241697
5246317
5247035
5247406
5248409
5248514
5248904
5249589
5250279
5251808
5252745
5253958
5257795
5258653
5259274
5261228
5261995
5267635
5267930
5268683
5269203
5270309
5270604
5270693
5272904
5272958
5273456
5274515
5275456
5276881
5278447
5278670
5280424
5281858
5282231
5285125
5285659
5285853
5286266
5286573
5286631
5288312
5290704
5290779
5291269
5291425
5293139
5293689
5295968
5297022
5297357
5298582
5300728
5302662
5303584
5304288
5304387
5304530
5306240
5306555
5306685
5307041
5308214
5310278
5313924
5316083
5320397
5321902
5324102
5326137
5326812
5327037
5327352
5329053
5329788
5330152
5330805
5332473
5334094
5334334
5334394
5334870
5335560
5335861
5338009
5339248
5339768
5341636
5342581
5343476
5344035
5345200
5345922
5348393
5348571
5349270
5351650
5352049
5352163
5352583
5354596
5355067
5356062
5356609
5357970
5358922
5361125
5361707
5362073
5364754
5366059
5366184
5368929
5369081
5369743
5369970
5370528
5373175
5373184
5374916
5376072
5376373
5379517
5381933
5381963
5382514
5382807
5383327
5386862
5387738
5391879
5392658
5393220
5394379
5396105
5396814
5398054
5398149
5399583
5402921
5403229
5403313
5403574
5403797
5404231
5404967
5405765
5406937
5407412
5408809
5410190
5410755
5410875
5412105
5413226
5414409
5415195
5415348
5415791
5417264
5417675
5417737
5420075
5420591
5421500
5421848
5421977
5423244
5424739
5424900
5425291
5425953
5426920
5427150
5427979
5430479
5432488
5435738
5436781
5437109
5437904
5437973
5440875
5442956
5443179
5443622
5443852
5444240
5445043
5445588
5446283
5446919
5447013
5447750
5447942
5448859
5449412
5450823
5451240
5451496
5452407
5455123
5455274
5456209
5456305
5457082
5458759
5462803
5467225
5467404
5467833
5467840
5467850
5468876
5470199
5470882
5472870
5474284
5474959
5476090
5476849
5479245
5479889
5480199
5480582
5480642
5482467
5482831
5482901
5483087
5484248
5485860
5488093
5490579
5495072
5495181
5495183
5496980
5498554
5499450
5501453
5502099
5503574
5505568
5506651
5506810
5506919
5507015
5507269
5507397
5507883
5508500
5509343
5509411
5509653
5510879
5511272
5511548
5512017
5514335
5514763
5519258
5520147
5521519
5521825
5525059
5525866
5526671
5527981
5528473
5528602
5529407
5529911
5531008
5533827
5534815
5534958
5535169
5541034
5542491
5543197
5547667
5548505
5551019
5551247
5552215
5553927
5554511
5555956
5556518
5563032
5563213
5567391
5568098
5568146
5571769
5573516
5575106
5575128
5575309
5577650
5577779
5578154
5578288
5578548
5580322
5585773
5587793
5588413
5588612
5589054
5594383
5594741
5597471
5597999
5599839
5600777
5600899
5602023
5602738
5602974
5603874
5603934
5603959
5604205
5604820
5608236
5608417
5608858
5609196
5610068
5610207
5610251
5613761
5614462
5615027
5617081
5618972
5619028
5621163
5621612
5621636
5621763
5622636
5623692
5625431
5625529
5628104
5629485
5629819
5630540
5630654
5631241
5631504
5633158
5635461
5635489
5635852
5636309
5636745
5640302
5640477
5642759
5643143
5643192
5643809
5644337
5647311
5647849
5649171
5649369
5649701
5651058
5651806
5653963
5654036
5654069
5655484
5656810
5657044
5659497
5659891
5660775
5662976
5663321
5664800
5664965
5667014
5667914
5668110
5670004
5671383
5672572
5672845
5673312
5674135
5674373
5674960
5676286
5676391
5679170
5679247
5679910
5682034
5683466
5685204
5685500
5687648
5689269
5689306
5690464
5690552
5693166
5694443
5694697
5695435
5695571
5695938
5698940
5701075
5705109
5707235
5707313
5709299
5711057
5711377
5711726
5711848
5714717
5718732
5723065
5724407
5724428
5724587
5725685
5728745
5728975
5732042
5734121
5735985
5740263
5740600
5741097
5741190
5741433
5741604
5741790
5743641
5743708
5744142
5744250
5744551
5746084
5747891
5749315
5753097
5753509
5753584
5755881
5756047
5756805
5757658
5757820
5758078
5760118
5760211
5760553
5762627
5762925
5764306
5764516
5765133
5766389
5769080
5769256
5769295
5771611
5772481
5773761
5773900
5775386
5775446
5775682
5777231
5777236
5777766
5778734
5779049
5779571
5779617
5780300
5780732
5781121
5781578
5781965
5783359
5783804
5784164
5787647
5790922
5791003
5791211
5792790
5793334
5794162
5794171
5797262
5797531
5798826
5799302
5799489
5799970
5801042
5802686
5804849
5807330
5809726
5810189
5811007
5811442
5812226
5813541
5813658
5814346
5814968
5814992
5815426
5815936
5817461
5818254
5821884
5822489
5823024
5823229
5823675
5825018
5825104
5827220
5827684
5828907
5829392
5829529
5830027
5830300
5831349
5833014
5833581
5834021
5836448
5838112
5840125
5841937
5843880
5846571
5848218
5849446
5849844
5851595
5851608
5856013
5857068
5857251
5857995
5858521
5858862
5859035
5859157
5860300
5860559
5864858
5865377
5866554
5867314
5867771
5868437
5869018
5869970
5871351
5871465
5872183
5872289
5873101
5873675
5873849
5874558
5876347
5878794
5879262
5879842
5883410
5885115
5885948
5886393
5886887
5890029
5890175
5890476
5890967
5891400
5892495
5892546
5894175
5895470
5895477
5895740
5895969
5897045
5897392
5898101
5898213
5898633
5899601
5900732
5900978
5904124
5904489
5905156
5908210
5909528
5909563
5911823
5912673
5915600
5916072
5916683
5917490
5918274
5918713
5918790
5919171
5920751
5920870
5921202
5924176
5924636
5924880
5930587
5930996
5932364
5935475
5937626
5937817
5938063
5938316
5939381
5939787
5939788
5940891
5942243
5945573
5946746
5947711
5948753
5949029
5950693
5952495
5953173
5953231
5954866
5954870
5954881
5955314
5955770
5957176
5960076
5961292
5962944
5962961
5965086
5966632
5967004
5967651
5969425
5970534
5971351
5972628
5973827
5973865
5975330
5976988
5979348
5980068
5981504
5986549
5987730
5988161
5988895
5988994
5990261
5990730
5990738
5993968
5994437
5994678
5994862
5995241
5995619
5998085
5998570
5999738
6000693
6001672
6003598
6003779
6004808
6006024
6006796
6008737
6009734
6011982
6012687
6013312
6014043
6015864
6017071
6019039
6019524
6019590
6019682
6022558
6024296
6024642
6025159
6026115
6026606
6026967
6028203
6028222
6030099
6033605
6033878
6038436
6039019
6039253
6040500
6040741
6041786
6043820
6045079
6046817
6048630
6048872
6051196
6051286
6051334
6051893
6053926
6053971
6055724
6056283
6058558
6060438
6062263
6062499
6062691
6065525
6065679
6066947
6067487
6068524
6069720
6069850
6072530
6072801
6074851
6078900
6079070
6081244
6081771
6082789
6083645
6083650
6083666
6083946
6084421
6085477
6087454
6087750
6089271
6089509
6089844
6090164
6093117
6093711
6094679
6095259
6095543
6095618
6096362
6100178
6100871
6101758
6102863
6103030
6106669
6106937
6107876
6107983
6110302
6110694
6110879
6111673
6111964
6112153
6112629
6113394
6120553
6121556
6121871
6122072
6122412
6127265
6127524
6129346
6129529
6130518
6130617
6132183
6132533
6133055
6133526
6135812
6136721
6137830
6138281
6138640
6138951
6141970
6143451
6143547
6143988
6144435
6144652
6145826
6147082
6149139
6150977
6153217
6153757
6155910
6156151
6156280
6156455
6156732
6157104
6158767
6159173
6159364
6159880
6160286
6160387
6160533
6162979
6163589
6164350
6166052
6167024
6167456
6168988
6171923
6171984
6173358
6173497
6173658
6174709
6174972
6175504
6176294
6176345
6178091
6179339
6181960
6183608
6187408
6188465
6189089
6190453
6190961
6192120
6192888
6193181
6195288
6195305
6195748
6196553
6196724
6199271
6200248
6200583
6201385
6201494
6201919
6202318
6204691
6205520
6205818
6206891
6207576
6208349
6209389
6211758
6212546
6213847
6214152
6215132
6215299
6216119
6216761
6217337
6217463
6218123
6220445
6221148
6221741
6222171
6222476
6223115
6223847
6225642
6226039
6227016
6227978
6228603
6232702
6235114
6235608
6238715
6240145
6240176
6241933
6244337
6244789
6247115
6247262
6247360
6247486
6247908
6248315
6251694
6252486
6253409
6253524
6253545
6254301
6254986
6255111
6256672
6258156
6259564
6260544
6261126
6261532
6261603
6262929
6264427
6266194
6267074
6267293
6267349
6268143
6269268
6269957
6270302
6271091
6271859
6273159
6273286
6274727
6275012
6276212
6276658
6276977
6277211
6278256
6279656
6279717
6281597
6281620
6283401
6283619
6285469
6285616
6286748
6288147
6288974
6290257
6291262
6292707
6293886
6295611
6296508
6298285
6299334
6301664
6302098
6302141
6302959
6303846
6304928
6305259
6305750
6306034
6306638
6307693
6308916
6308981
6309040
6309086
6309812
6312821
6313985
6314314
6314797
6314814
6316048
6316864
6317897
6318157
6318689
6319431
6320070
6321364
6321776
6322746
6322996
6323079
6323265
6326839
6327448
6328667
6330764
6331481
6331491
6331664
6331697
6333339
6333978
6334736
6335275
6336000
6336593
6339007
6339271
6339956
6340431
6340434
6340510
6341373
6342735
6342886
6343188
6343280
6343290
6343508
6344633
6349095
6352034
6353049
6353432
6353505
6353590
6354774
6355539
6361200
6361456
6361533
6362799
6363530
6363546
6365541
6366528
6366662
6368489
6368754
6371966
6372224
6372671
6374629
6374839
6375414
6375981
6376173
6376865
6376887
6378983
6380473
6382611
6383977
6385418
6385498
6385552
6385937
6386078
6386261
6386397
6391839
6392367
6392551
6392807
6392851
6393762
6395217
6396165
6396613
6396903
6399883
6400225
6402001
6405563
6406442
6407173
6408042
6409425
6409877
6411077
6412165
6412714
6413421
6413747
6414145
6414549
6415139
6415929
6417466
6417553
6418489
6418672
6421483
6421870
6422199
6424846
6426404
6426738
6427714
6428617
6429316
6429760
6430139
6430286
6430861
6432050
6432776
6432995
6433053
6433476
6434016
6436684
6439841
6440568
6440954
6442251
6443689
6443870
6445441
6446243
6446561
6447944
6450241
6451443
6452341
6453712
6454335
6454901
6455269
6455512
6457840
6460879
6461603
6462108
6462366
6462601
6463013
6463699
6465056
6465825
6466444
6467448
6469663
6470565
6473960
6475712
6476776
6478056
6478673
6479377
6479578
6480370
6481658
6482117
6484289
6484433
6484454
6486356
6487525
6488645
6489431
6489843
6492701
6492738
6496724
6501757
6501914
6506438
6507515
6509138
6511346
6511816
6514349
6515247
6515480
6516242
6516744
6516756
6517944
6517949
6518264
6519997
6520514
6521117
6523416
6523637
6527692
6528539
6529206
6529713
6531935
6532488
6532534
6534306
6534579
6534945
6536736
6537568
6538923
6539716
6539957
6543053
6543096
6543725
6546178
6547400
6548147
6550050
6550224
6552151
6552540
6552762
6553703
6558012
6558171
6558621
6559470
6560139
6561368
6561487
6562592
6562757
6564195
6565736
6568156
6568318
6571059
6571281
6571961
6573036
6574406
6574709
6576613
6576662
6578737
6578838
6578995
6579672
6579784
6580646
6581416
6582637
6583244
6583912
6584838
6584901
6584969
6585220
6586146
6586809
6587584
6588509
6588919
6590603
6591915
6596181
6597169
6597576
6598305
6598883
6600206
6601381
6603547
6605433
6605945
6607023
6607030
6607212
6608727
6608934
6610156
6612513
6614408
6614615
6615244
6616787
6617095
6617787
6620099
6623828
6624998
6627610
6628735
6630107
6630387
6632217
6634183
6634906
6635266
6636039
6636369
6636591
6637095
6637732
6640076
6645584
6645599
6646064
6646316
6647861
6648981
6651191
6651627
6652070
6652662
6654844
6656523
6656739
6657439
6658139
6658225
6659634
6660620
6661370
6661491
6665754
6666332
6669409
6670574
6672700
6673357
6674377
6674493
6675264
6677381
6678789
6679505
6680188
6683023
6683907
6685232
6685387
6685790
6687186
6688554
6690393
6691409
6691908
6694951
6695271
6696028
6696405
6696624
6697379
6698115
6699297
6699373
6699922
6700146
6700711
6702965
6703795
6704123
6705499
6705705
6705881
6705947
6706274
6706732
6708955
6709690
6709943
6712635
6713068
6714196
6714980
6715262
6716474
6716884
6717478
6717724
6720966
6722433
6723554
6723896
6723970
6725573
6726632
6727361
6728922
6730725
6730761
6731500
6734021
6735864
6738066
6738350
6739629
6740155
6740463
6741776
6742120
6742738
6743229
6743278
6743617
6744546
6750074
6750218
6751672
6751765
6752649
6752909
6757391
6758303
6758600
6758907
6759863
6760116
6760664
6761677
6763077
6763184
6763415
6764756
6766634
6766894
6770227
6770862
6771086
6771798
6775588
6776207
6776506
6777673
6778418
6779489
6780283
6781657
6783011
6783222
6784179
6785084
6785708
6786467
6787615
6787714
6787898
6788695
6790040
6791285
6791574
6792956
6793032
6794828
6797827
6798861
6799830
6799900
6802811
6803038
6803390
6804127
6804734
6804904
6805030
6805299
6805669
6805947
6807428
6807608
6810008
6810850
6813272
6814469
6814636
6814920
6821379
6821506
6824064
6824168
6824265
6827140
6828035
6829134
6829303
6831260
6831826
6832494
6833018
6834154
6835076
6835953
6836448
6837889
6837975
6839338
6839387
6839650
6840243
6840795
6841148
6843686
6845716
6846394
6846758
6850331
6852179
6852572
6856451
6856647
6856924
6858474
6859029
6861190
6861665
6862898
6863962
6865915
6866266
6866279
6866680
6867509
6868519
6868627
6868965
6869945
6871238
6871445
6871794
6872985
6875270
6876483
6877034
6877555
6878510
6879244
6879527
6879695
6882451
6885590
6887476
6887756
6889164
6890365
6890501
6891176
6891223
6892944
6893656
6897837
6899061
6899268
6899453
6899503
6899996
6902792
6902991
6905753
6907056
6908371
6908756
6909726
6911448
6911838
6912311
6912545
6913370
6913376
6913911
6913929
6914277
6915339
6915965
6916660
6917119
6918069
6923521
6927989
6928061
6928689
6928961
6930485
6931229
6932935
6934608
6935005
6935544
6935597
6935838
6936839
6938741
6939181
6939774
6940223
6941043
6944816
6945974
6947062
6947656
6947897
6948729
6949153
6949688
6950323
6954889
6955321
6955744
6955879
6957890
6958161
6958458
6959604
6960242
6961206
6961343
6961560
6962267
6963494
6965699
6967631
6968254
6968803
6968854
6969397
6969967
6970398
6970865
6971283
6973716
6973739
6973865
6976731
6977481
6977584
6978037
6978554
6979557
6981477
6982412
6984582
6985085
6986879
6991078
6991612
6993643
6994648
6995755
6996321
6997704
6997918
6997932
6997950
6998015
6999234
7000553
7001143
7002008
7004105
7005105
7005186
7005606
7005852
7006883
7007126
7007481
7008530
7008669
7011086
7011548
7011651
7011774
7012268
7015426
7015670
7015758
7015888
7016577
7016634
7018129
7018384
7018766
7018960
7019661
7020117
7021828
7022308
7023494
7023612
7024842
7024895
7025212
7025541
7030450
7035370
7037069
7037227
7037271
7037470
7037991
7040117
7040144
7041622
7042016
7042870
7043909
7045157
7045745
7047272
7048542
7049074
7049253
7049940
7050105
7050214
7050591
7050635
7050905
7052066
7052981
7053303
7054077
7054555
7054853
7056204
7058241
7058709
7060415
7060800
7060817
7061012
7061390
7063037
7063304
7063305
7064122
7064442
7065442
7066163
7066197
7066637
7069441
7071831
7072023
7072435
7072928
7074456
7074924
7076641
7077216
7077604
7079709
7080703
7083516
7084964
7084978
7084994
7085732
7085815
7087909
7088659
7092666
7092724
7092962
7095267
7099427
7099920
7103072
7103224
7103704
7104931
7106691
7107139
7110370
7110806
7110889
7111787
7112872
7113767
7113851
7114196
7115261
7119209
7120703
7122084
7122466
7122760
7123676
7127089
7127897
7128322
7129272
7130327
7132011
7133461
7134581
7137486
7139036
7139929
7141114
7141352
7142744
7143310
7145647
7147097
7147238
7148913
7149214
7149867
7150060
7151261
7151271
7151642
7152580
7154390
7154628
7154793
7154813
7154934
7155684
7156781
7156925
7159636
7161114
7162402
7165466
7166452
7167149
7169287
7169554
7170450
7173525
7173869
7175226
7176043
7176471
7176728
7177507
7177887
7178278
7178709
7179420
7179964
7183230
7183498
7183599
7184962
7185966
7186697
7187023
7187360
7187389
7189914
7190626
7192352
7193613
7193635
7194837
7195538
7197782
7198830
7198990
7199794
7199922
7200401
7201265
7201328
7201776
7202688
7203270
7204038
7204737
7206548
7207865
7208587
7210706
7211155
7211426
7212919
7214826
7215289
7215826
7216383
7217004
7218467
7219289
7219776
7219791
7220011
7221128
7221731
7221782
7222376
7223100
7223786
7226233
7226347
7226659
7230995
7231504
7232655
7232934
7232992
7233120
7236911
7237292
7238041
7238508
7240141
7241956
7242718
7243051
7245721
7246422
7247852
7248510
7248906
7249944
7250777
7252239
7252582
7254611
7255090
7255282
7257442
7257761
7258109
7258866
7259147
7259340
7259646
7261739
7262482
7262524
7264053
7264690
7265830
7268422
7268990
7269683
7269844
7271449
7271507
7272725
7273927
7275705
7277458
7279251
7280669
7280695
7281678
7282887
7284111
7285526
7286500
7286985
7287156
7287869
7288719
7291506
7291568
7292390
7292864
7292876
7293423
7294933
7295123
7296209
7298143
7298467
7301099
7301262
7301857
7301973
7302478
7302820
7302893
7303184
7303883
7305699
7306087
7306356
7308139
7308414
7308482
7312079
7313263
7314660
7315291
7315652
7316426
7316599
7316783
7317351
7318090
7318571
7321177
7321497
7321678
7322943
7323913
7324200
7325228
7325249
7326990
7327099
7327270
7328847
7329414
7329647
7330818
7331030
7332737
7332776
7333438
7333592
7334273
7337026
7337123
7338360
7338884
7340851
7341497
7342226
7344869
7345111
7346188
7348107
7348234
7348498
7349207
7349919
7350006
7352235
7353929
7354996
7356107
7356228
7357149
7357525
7358161
7358231
7360039
7361077
7362286
7362766
7364029
7365076
7367083
7367297
7367666
7367901
7367964
7368684
7369657
7369947
7370165
7373008
7373561
7373851
7381079
7381566
7381633
7382883
7384306
7384451
7385073
7387084
7388213
7388589
7388595
7389100
7389604
7391220
7392271
7392374
7393071
7394198
7394298
7394428
7394622
7395310
7397750
7399005
7399092
7399956
7401812
7405515
7410250
7411424
7411756
7411947
7412366
7412491
7412741
7413090
7413501
7414148
7415976
7416821
7416959
7417139
7417304
7418101
7418854
7421475
7422282
7422328
7423086
7424314
7424795
7428098
7429465
7430052
7432356
7432364
7433053
7433683
7434917
7435235
7437336
7438802
7439030
7439453
7442956
7445759
7446317
7447020
7447809
7447982
7448286
7449498
7450921
7451513
7452173
7452464
7454231
7454836
7455262
7456160
7456807
7459843
7462271
7463178
7463685
7464228
7464232
7465161
7465333
7465525
7465550
7466409
7467227
7469947
7472447
7472936
7474316
7474537
7475401
7477029
7477244
7477799
7478323
7478656
7478993
7479056
7479333
7480458
7481253
7481425
7484495
7484848
7485424
7486693
7486859
7487420
7489563
7490862
7491445
7491889
7492120
7492803
7492928
7493506
7495454
7495619
7496083
7497449
7499347
7499354
7499367
7500464
7501391
7502691
7502774
7504691
7505521
7506460
7507987
7508236
7508430
7510630
7510788
7512052
7513299
7513549
7515230
7515433
7515708
7515751
7516237
7518979
7519150
7519901
7521970
7522414
7523312
7523480
7523736
7523960
7524450
7526929
7527319
7527433
7527756
7528866
7529081
7529585
7530026
7531582
7531681
7532197
7534523
7534928
7534953
7535765
7536539
7537424
7539193
7539339
7539386
7539544
7541471
7542211
7542474
7545800
7546290
7546305
7546584
7547892
7550837
7551717
7553826
7555302
7555766
7557402
7557906
7559681
7560343
7560772
7561057
7562369
7562452
7562817
7563599
7563998
7564242
7564787
7564797
7564895
7564938
7566287
7566377
7567665
7570087
7573990
7574538
7576014
7576603
7581735
7582887
7583556
7584024
7584454
7584553
7588183
7588451
7588730
7589749
7591049
7591665
7596153
7598035
7598745
7599664
7603216
7603762
7604413
7604453
7604609
7605665
7606011
7606119
7609496
7609504
7609756
7609819
7610280
7611530
7611554
7611912
7612267
7612431
7612501
7614272
7616181
7618184
7619674
7620026
7621830
7622544
7622758
7623229
7625729
7626792
7628614
7629268
7630353
7631789
7634083
7634895
7634991
7635074
7635639
7636203
7636316
7638341
7638975
7643884
7643993
7646689
7646712
7646923
7647433
7647467
7648648
7650202
7651035
7651221
7652087
7652674
7653467
7654329
7655754
7656707
7657581
7658290
7661856
7662868
7664076
7664692
7666123
7667292
7669799
7669948
7670457
7670966
7673345
7674756
7674832
7675149
7675499
7675846
7676582
7676842
7677079
7677248
7679417
7681158
7681694
7682227
7683998
7684838
7685034
7685848
7688623
7690514
7691922
7692304
7693163
7695909
7697487
7698133
7699463
7700687
7702212
7702753
7704533
7705348
7706228
7707015
7709462
7710090
7710476
7711279
7711813
7712977
7713355
7713541
7713545
7713626
7714139
7715560
7715691
7718298
7718510
7719569
7720304
7721054
7722066
7722287
7722487
7724164
7725312
7729714
7730288
7730340
7730518
7730935
7731060
7731220
7731404
7732322
7732363
7732909
7735536
7737391
7737649
7738301
7738852
7739034
7739658
7740398
7741853
7743161
7744332
7744796
7746354
7746746
7747964
7749025
7756186
7760356
7760977
7761072
7762658
7763287
7765335
7765402
7766306
7766805
7767323
7768723
7769072
7771695
7772285
7772499
7772913
7773476
7775393
7776170
7776890
7777114
7777432
7777501
7779123
7779179
7779449
7780590
7781089
7781194
7783671
7783928
7784708
7785170
7785324
7785808
7789984
7791964
7792234
7793174
7793753
7794831
7794987
7799873
7799964
7800425
7800784
7800844
7806429
7807058
7807922
7808791
7810621
7812883
7813235
7813301
7813690
7814184
7815027
7815197
7816597
7818167
7818805
7820375
7820640
7821796
7823043
7825521
7827140
7827881
7828364
7828507
7828649
7829411
7829732
7832484
7834959
7836584
7840725
7840944
7842945
7843970
7845437
7846218
7846993
7847621
7848366
7849291
7849367
7849881
7850239
7854065
7854258
7862201
7862330
7862683
7863176
7863933
7865361
7865692
7867055
7867176
7868184
7868749
7869558
7869965
7870781
7871361
7873001
7874702
7876826
7877835
7879476
7880061
7882993
7884125
7886619
7886769
7887993
7888347
7888814
7889947
7891657
7891843
7895228
7895569
7898381
7900631
7900878
7902614
7903444
7903612
7904191
7904217
7906476
7907093
7908840
7909598
7909670
7910212
7911313
7911460
7911855
7911895
7913695
7915063
7915112
7919385
7919883
7920569
7920731
7921183
7922250
7922922
7923455
7924803
7924919
7925441
7927617
7927653
7928293
7928586
7929081
7929295
7929299
7929966
7932327
7933400
7935322
7938505
7938606
7939797
7940304
7940362
7943153
7944010
7945224
7945948
7946465
7946935
7948567
7949573
7950221
7950472
7950961
7951389
7951497
7952502
7955074
7955974
7956594
7957552
7958158
7958346
7962162
7962204
7962610
7962705
7963223
7963548
7964391
7964781
7966095
7966650
7968082
7968110
7968693
7968820
7968956
7970070
7970668
7971211
7973543
7973901
7977303
7977570
7979163
7979675
7979955
7981066
7981888
7982822
7984290
7984510
7984983
7985433
7986839
7987349
7988504
7988568
7991770
7992502
7992672
7993488
7994932
7995954
7996727
7999715
7999995
8001006
8001610
8002893
8002894
8003583
8005087
8005192
8005312
8006065
8007787
8009405
8009566
8011766
8011995
8012241
8012495
8013447
8013542
8017527
8019645
8019779
8021397
8021565
8021679
8022579
8022790
8024576
8026402
8029074
8030154
8030852
8031688
8031937
8033365
8034070
8034841
8036885
8038540
8038633
8039883
8042181
8042727
8042999
8043163
8047173
8050992
8052540
8053653
8053669
8054111
8054484
8058285
8060058
8062301
8063522
8067135
8067781
8068371
8068503
8071279
8071779
8072827
8074426
8074782
8075589
8076238
8076582
8077951
8079190
8079934
8080872
8082477
8083950
8084594
8085123
8085145
8085174
8085259
8085330
8085948
8087860
8088481
8089076
8089650
8091790
8094013
8094027
8094250
8095098
8095240
8096158
8096901
8097664
8098019
8099219
8100006
8100565
8100930
8101278
8101368
8102943
8110257
8111741
8112100
8112194
8112925
8117069
8117702
8119932
8120240
8120517
8120654
8121269
8121911
8122339
8122853
8123018
8123551
8123895
8123919
8125122
8125559
8125804
8126221
8127586
8127595
8130428
8131412
8131414
8131986
8132774
8133038
8135672
8136128
8136536
8136762
8137486
8137535
8139846
8140532
8142172
8143081
8144847
8147117
8147603
8150409
8150748
8151989
8152888
8153123
8153296
8156765
8158234
8163104
8164740
8166385
8166993
8167007
8170120
8171457
8174570
8174614
8174670
8174884
8175463
8176699
8179188
8180176
8182161
8183476
8183526
8185067
8186556
8189022
8189494
8190503
8190555
8191039
8194604
8195585
8195764
8195830
8195892
8198237
8198513
8200019
8200852
8201279
8201557
8201730
8203083
8203422
8203835
8205089
8205431
8205937
8206610
8207989
8208098
8210344
8211305
8211954
8212770
8213882
8214115
8214610
8216722
8216723
8217444
8217838
8218231
8219269
8219992
8220888
8222201
8223183
8223344
8224247
8226251
8226407
8226778
8226857
8227895
8227951
8228822
8230008
8230548
8233866
8234381
8235148
8237991
8239391
8239446
8239657
8240805
8240949
8243922
8245711
8246181
8249771
8250685
8252438
8252452
8252691
8256482
8257498
8259466
8261520
8261608
8262337
8263591
8263752
8263927
8265685
8266374
8268034
8268295
8268414
8268691
8268701
8269068
8271662
8271704
8271988
8276655
8277125
8277730
8277782
8277821
8279734
8280494
8280585
8281169
8281867
8284459
8285105
8286395
8288030
8288222
8291155
8291376
8292086
8294570
8294603
8295161
8295229
8295355
8296757
8298028
8298551
8302061
8302501
8302753
8303343
8304746
8305793
8306678
8309960
8310130
8310689
8311022
8311339
8311973
8312473
8315127
8315690
8316817
8317905
8321563
8321719
8322818
8323141
8327065
8328013
8329266
8331396
8331997
8333815
8333856
8334126
8334848
8335215
8336813
8337762
8337788
8339502
8340373
8340608
8340983
8341597
8341776
8341856
8343483
8343749
8343885
8344171
8345002
8345494
8346418
8346713
8347648
8347918
8348168
8348624
8350710
8350936
8351074
8351251
8352084
8353008
8353017
8353266
8353720
8354702
8358470
8358619
8360878
8361004
8361041
8363518
8367318
8368513
8369156
8369779
8370124
8372344
8374260
8375532
8376325
8376334
8376583
8377300
8377926
8378226
8379943
8380002
8380201
8380517
8382154
8382576
8383997
8384384
8384656
8385560
8386894
8386978
8387011
8389824
8390072
8390584
8390682
8391073
8391735
8393806
8395593
8396631
8396763
8397862
8398349
8399171
8400021
8401445
8402121
8403142
8403571
8404150
8404183
8405241
8406148
8407405
8407859
8411316
8412356
8413821
8414149
8415836
8416044
8416354
8416408
8417108
8417588
8418198
8418310
8419733
8419855
8420610
8421693
8422267
8422699
8423588
8423920
8425556
8428420
8428970
8430567
8431082
8431962
8432049
8433218
8434079
8435511
8436147
8438127
8438502
8440162
8440698
8443773
8445025
8448206
8448247
8450486
8451595
8453613
8455055
8456276
8458549
8458573
8458623
8461092
8461528
8462074
8462253
8465639
8466654
8468145
8470935
8472622
8473418
8473992
8475887
8476423
8477383
8478966
8480712
8481264
8482360
8483654
8484499
8484613
8485564
8486274
8491443
8492317
8492396
8492589
8494281
8495300
8495886
8495956
8496119
8496521
8496885
8496905
8497141
8497389
8500467
8501781
8503387
8504078
8506352
8507188
8507479
8508082
8508107
8508877
8509492
8510370
8511191
8511727
8511892
8513768
8514997
8515071
8515870
8516662
8517142
8517265
8517724
8519720
8525140
8525694
8526297
8528422
8528537
8529287
8529855
8530835
8534114
8534471
8535906
8536796
8537289
8537606
8537939
8539809
8540493
8541732
8541897
8542991
8543044
8543868
8546393
8549989
8551728
8551920
8552824
8552969
8553784
8555174
8556404
8556739
8557424
8559908
8560348
8560709
8562447
8562534
8563903
8564209
8564798
8565358
8567093
8568878
8570003
8570259
8573300
8573531
8573911
8576804
8577578
8577710
8583060
8583221
8584712
8585659
8586071
8586105
8587824
8588810
8590247
8590763
8591104
8591134
8592152
8592782
8594616
8595203
8595434
8596254
8597269
8598163
8599228
8600045
8600125
8600534
8601914
8603252
8603416
8609211
8609987
8610026
8611877
8613379
8615697
8615963
8616247
8617164
8617209
8618127
8619058
8619351
8620078
8621159
8623122
8623253
8624066
8626371
8626858
8626905
8628604
8629060
8631691
8632195
8632551
8633377
8633597
8633637
8636544
8636946
8637331
8639795
8641243
8641528
8641704
8642507
8643067
8643345
8643464
8644065
8648706
8650901
8651965
8653268
8653450
8653461
8654574
8654631
8656002
8657099
8658620
8660479
8662443
8663245
8663360
8664583
8665068
8665285
8666302
8668079
8669537
8676052
8679087
8679422
8679959
8680224
8680243
8680492
8683159
8684733
8686775
8686828
8687379
8688059
8688117
8688252
8689451
8689754
8690656
8690969
8693780
8693791
8693900
8695064
8695079
8695188
8695760
8696792
8697995
8698281
8698286
8699238
8699610
8701099
8703307
8704086
8707013
8709337
8709770
8713178
8714312
8714827
8715558
8715852
8716581
8717465
8717701
8718045
8718353
8718794
8719117
8720301
8721429
8722271
8722420
8724810
8725898
8726404
8726762
8728050
8728683
8730951
8732300
8735159
8738168
8738946
8739646
8741444
8741478
8742569
8747738
8748013
8748023
8748852
8752149
8752233
8752716
8753072
8753157
8754904
8755291
8755507
8756138
8757428
8758493
8759045
8760161
8760463
8761466
8761659
8761871
8761966
8762923
8764283
8769890
8770421
8772595
8773941
8774926
8776565
8776569
8777594
8777807
8778068
8778449
8778944
8779000
8780553
8785976
8786272
8786606
8790207
8792016
8792186
8792755
8799234
8800514
8800556
8801366
8802291
8804237
8806664
8807037
8808220
8809385
8809666
8811782
8813177
8813592
8814153
8822097
8822716
8823748
8826013
8826566
8826978
8827603
8827935
8829509
8830821
8831061
8831541
8833598
8835208
8837229
8837402
8838034
8840278
8841907
8842870
8844973
8847768
8848436
8850102
8851446
8852803
8852924
8853507
8853764
8854029
8855692
8856233
8856338
8857336
8858912
8861531
8861734
8863222
8863874
8864895
8865928
8866107
8868660
8869230
8869790
8870026
8870301
8871472
8872016
8872504
8873077
8876173
8877428
8877441
8877649
8878934
8879104
8879218
8879881
8880138
8880283
8882610
8882697
8884468
8885707
8887992
8889095
8890183
8890443
8890536
8890960
8891782
8892648
8892677
8894970
8897764
8898188
8900179
8900997
8903530
8904176
8904187
8905847
8906400
8906852
8906917
8907313
8907806
8908953
8909604
8909848
8910236
8910493
8910853
8915417
8915987
8917553
8919738
8921336
8922047
8922713
8922763
8922843
8923538
8924770
8924879
8926205
8926748
8929785
8930547
8930977
8932210
8932463
8933906
8934478
8935155
8936294
8936927
8937734
8938433
8938474
8938946
8940660
8940792
8942033
8943239
8944750
8945845
8947086
8947830
8948614
8948880
8948909
8949627
8950934
8955161
8955602
8956082
8957595
8958656
8959009
8960440
8960736
8963185
8964568
8966903
8968330
8969670
8969911
8971203
8971811
8972582
8972997
8973134
8973793
8974721
8975635
8976084
8976745
8977005
8977881
8978074
8979850
8981205
8981908
8983336
8985980
8987786
8988877
8989061
8992248
8992565
8992903
8993788
8993821
8995483
8996828
9002917
9005927
9007774
9009709
9014551
9014895
9016219
9018068
9019872
9024558
9026413
9027035
9027129
9028001
9031542
9033168
9033700
9033797
9034359
9037930
9042194
9044389
9047109
9047195
9047602
9047872
9047981
9048353
9048739
9050645
9053722
9054722
9055336
9056283
9056366
9058542
9059405
9062460
9062895
9062997
9063709
9064556
9066081
9066187
9069264
9069983
9070074
9072668
9073181
9074095
9074246
9074249
9074408
9075780
9076865
9076942
9077124
9077327
9077534
9077617
9079058
9080015
9080113
9082388
9082998
9083556
9084008
9090149
9090726
9091639
9093917
9094262
9094750
9095336
9095576
9095652
9096619
9097340
9099445
9102291
9103809
9103830
9104723
9104748
9105063
9106648
9106742
9107209
9107628
9109127
9109603
9110217
9110983
9111176
9111556
9111862
9113124
9114876
9116756
9116831
9118462
9118615
9119118
9119495
9122303
9123393
9123718
9125347
9125923
9126899
9128242
9129477
9129974
9134086
9136510
9136515
9137216
9137805
9139043
9139352
9139367
9139492
9140022
9140083
9140525
9142556
9142966
9143138
9145100
9145418
9145624
9148196
9151391
9152087
9155100
9155852
9158613
9159354
9160562
9160716
9160807
9162542
9162765
9162985
9163732
9164501
9164798
9164883
9165724
9166146
9166552
9170395
9170715
9171472
9171502
9171746
9173976
9173992
9175996
9176213
9177695
9178157
9180398
9182501
9182522
9183342
9184119
9185157
9186568
9187313
9187375
9187764
9187784
9188075
9188261
9189308
9189938
9190402
9191038
9193004
9193787
9195008
9196853
9197567
9197973
9198796
9199905
9201354
9201556
9202185
9202682
9203480
9203701
9203728
9204245
9204435
9204940
9206310
9207694
9207985
9211434
9211695
9212285
9212340
9214062
9214238
9215710
9216998
9217662
9217778
9218524
9219971
9223062
9224573
9225610
9227664
9228831
9229210
9229409
9230160
9230280
9230330
9230330
9230823
9231720
9233434
9234848
9235205
9235219
9235296
9235918
9236387
9236630
9237296
9239219
9242986
9243501
9244399
9244476
9244841
9245514
9246797
9247888
9248071
9248093
9248433
9249731
9250356
9250375
9253401
9254091
9256360
9256818
9257212
9257311
9260778
9261885
9261909
9263821
9264190
9265016
9265067
9265429
9265453
9266044
9269103
9269216
9269300
9269712
9270315
9270966
9273046
9275003
9276015
9277201
9277890
9279512
9280611
9284531
9284774
9287069
9287541
9288730
9289914
9293830
9297265
9298486
9300213
9300361
9300983
9302321
9302842
9302877
9303644
9303657
9303912
9304219
9304855
9307471
9308779
9313470
9314033
9314625
9314955
9320758
9321029
9321733
9322961
9323037
9324363
9324725
9325220
9326857
9328051
9329469
9329579
9329683
9330264
9330474
9331321
9332724
9334608
9334978
9335481
9335940
9336002
9336855
9337065
9337507
9338577
9339325
9339615
9339771
9340776
9341755
9342243
9343503
9345011
9345981
9347754
9349417
9350421
9352274
9353726
9354698
9356106
9357149
9357398
9358514
9362150
9363480
9364112
9365082
9365568
9365630
9365865
9366248
9366644
9367951
9368595
9368701
9371081
9371493
9371883
9372430
9372535
9375730
9376098
9378351
9380254
9381540
9382446
9383252
9384682
9384752
9385844
9386969
9387160
9390571
9390608
9390637
9391255
9392294
9392767
9395013
9395479
9395907
9397764
9401546
9401915
9402892
9403028
9403748
9403824
9405172
9406126
9407031
9407408
9408288
9408498
9408716
9409783
9411912
9412426
9412512
9413056
9413393
9415103
9415124
9415179
9416227
9419623
9420075
9420210
9420690
9422349
9422954
9423415
9424162
9424200
9424785
9424856
9426588
9429105
9429398
9429537
9429686
9430008
9431196
9433097
9434402
9434514
9434547
9437318
9438137
9440290
9441382
9442248
9442445
9444033
9444750
9446003
9446950
9447469
9447618
9447821
9448487
9449527
9449717
9450664
9451348
9451512
9452774
9453045
9453552
9454578
9454814
9455583
9456110
9456197
9457908
9458219
9458734
9459867
9460927
9463391
9466185
9466475
9467034
9467264
9467961
9468370
9468970
9469990
9470638
9471394
9472461
9473336
9473689
9474693
9477182
9480334
9480640
9483030
9483073
9484730
9485398
9488323
9488574
9489136
9489286
9489719
9490195
9490992
9492568
9495218
9496679
9498221
9498364
9498504
9498757
9498873
9499839
9500378
9500935
9501501
9503408
9504796
9506206
9507812
9508202
9509388
9511018
9511197
9511244
9512202
9512847
9513603
9513703
9516324
9516602
9521158
9521363
9522520
9524999
9525266
9526045
9526182
9526871
9528464
9529520
9529608
9529820
9531294
9531614
9531761
9532815
9533668
9533831
9534869
9535036
9536125
9536693
9538715
9539137
9542989
9543638
9544618
9544903
9549079
9549242
9551551
9554206
9554749
9557988
9559247
9559452
9561183
9562140
9563024
9564345
9565744
9566665
9567230
9568180
9568537
9571539
9572274
9572740
9573258
9573780
9574849
9577454
9578565
9578977
9579137
9580394
9580974
9582511
9582739
9583327
9584959
9585174
9585644
9586596
9588361
9588413
9589301
9589977
9590089
9590868
9592601
9593395
9593444
9594976
9595382
9597012
9597485
9598012
9599921
9600310
9601650
9601775
9601792
9601969
9602804
9604012
9606853
9607476
9607490
9608066
9608248
9608767
9608861
9610211
9611071
9611454
9611918
9613170
9614271
9616558
9616994
9617025
9618344
9619042
9619137
9619476
9620017
9620084
9620789
9621758
9625515
9625889
9626708
9628669
9628820
9629471
9632732
9633056
9633499
9633778
9636056
9638270
9641935
9642853
9646478
9646940
9647864
9650265
9651917
9652460
9655197
9655637
9655788
9655940
9657291
9659125
9660078
9661486
9662823
9664857
9666236
9666660
9667692
9667936
9668158
9668647
9669530
9670854
9670990
9671783
9672351
9673150
9673328
9674441
9677366
9681524
9681946
9683391
9684470
9686698
9686863
9687313
9687955
9688238
9691825
9695810
9697671
9698334
9699821
9702329
9703250
9703707
9704094
9704578
9705254
9707430
9709652
9709851
9712449
9713244
9714510
9714748
9716357
9717079
9718101
9720066
9720816
9721343
9722005
9725217
9733851
9735136
9735367
9736202
9737342
9740738
9742241
9742336
9743199
9743657
9745079
9746586
9748142
9748385
9750889
9756372
9757867
9758150
9759620
9761656
9762128
9762900
9763013
9763675
9765723
9769193
9769893
9773191
9773644
9776394
9776761
9777769
9778020
9778174
9779053
9780474
9780533
9781606
9782217
9784796
9785450
9786154
9786542
9788394
9791546
9792831
9794154
9794708
9795589
9796182
9798562
9800117
9800232
9800309
9801247
9803121
9803211
9803520
9803648
9803712
9804026
9804455
9806143
9806630
9806916
9807595
9807614
9808574
9811080
9811116
9811950
9812623
9812749
9813502
9813723
9814295
9814765
9814899
9815801
9815823
9817599
9820121
9828092
9828659
9829027
9830459
9830529
9832351
9832950
9832980
9835394
9835507
9835995
9836650
9836784
9836965
9837062
9837141
9838611
9839029
9839049
9840776
9842415
9842540
9842784
9844510
9846760
9848726
9848773
9849103
9850080
9851065
9853665
9854630
9854799
9855016
9855096
9856459
9856649
9856742
9856761
9857207
9858563
9859091
9859742
9860561
9860882
9861626
9862268
9863404
9864389
9864820
9864927
9865158
9865230
9866628
9868814
9868865
9871835
9872583
9872890
9876358
9876718
9877651
9878122
9879202
9880219
9881051
9882558
9883292
9883762
9884569
9885058
9888297
9890136
9890167
9890651
9890978
9892778
9893053
9893830
9893862
9894569
9894626
9894808
9895083
9895747
9899623
9901057
9901402
9903133
9903398
9905334
9908804
9908987
9909356
9910181
9910689
9911895
9912811
9913864
9914820
9915869
9916609
9919715
9922699
9923254
9923720
9924018
9924791
9925239
9925303
9925382
9925906
9926292
9927376
9927452
9927554
9928745
9930836
9930942
9931571
9933190
9933785
9933809
9933842
9933999
9935435
9938365
9939960
9940962
9945208
9945732
9946716
9947897
9948689
9948882
9950320
9951214
9955664
9956446
9958867
9959607
9959695
9960176
9960248
9962173
9963462
9964739
9964810
9966607
9967250
9967447
9967809
9968581
9968687
9969298
9969396
9971770
9972944
9973746
9974256
9975606
9977402
9977493
9977770
9977928
9977977
9979194
9980518
9980855
9981539
9983259
9986817
9987943
9989551
9989712
9992238
9992696
9992913
9993122
9994122
9994453
9996960
9997464
9997913
9998871
9999502
