1000
203
1583
1653
1664
3211
3406
5341
6234
8324
10076
10097
10484
12086
13935
15895
16187
17922
24141
25342
25462
26735
27310
28207
28273
28405
28747
31156
34426
35478
36303
38175
38612
38709
40314
41622
42136
42202
44196
44237
45470
46158
46960
49104
50109
50374
50986
52122
54228
54639
55314
57435
59547
61439
62437
63136
63614
63737
63796
64858
66178
66276
66634
68024
68039
69184
69722
70409
70978
71766
72018
73448
74572
74897
74975
75327
79446
81717
82737
84680
87028
90029
91145
91929
93006
93269
95131
95414
98455
98481
98542
98621
99462
100095
100477
102049
102528
102606
104269
105186
105234
107061
108579
112115
112545
112809
113366
114452
115849
115961
116501
116964
118101
118734
120849
121235
121644
122075
122595
124186
125820
126006
126149
127442
128185
128830
131503
132308
132751
132883
133839
134093
134526
135389
137887
142001
142499
142975
144150
144206
144238
144548
144803
145423
145997
146020
146291
146453
146457
149003
151898
152736
152815
153475
154636
154885
155583
155739
155868
157074
157887
158114
158807
159770
159881
161160
162091
163300
163651
163681
163957
163989
165159
166414
166685
167418
167753
169486
171345
172548
173148
177719
178642
179147
180049
180237
181879
183374
185160
185468
189322
190251
190992
191692
191891
192651
192712
195180
195814
196948
197392
199269
199738
200304
201700
202962
203046
204081
204695
206588
207562
207757
211110
211329
211970
212528
213873
214971
215254
215298
215520
216072
218665
219215
219442
220237
221934
223274
225412
225677
228356
228426
229393
229540
230276
231194
233351
233799
234330
237744
237870
238227
240737
242415
243085
243299
244406
244814
250425
250539
250902
253952
254737
257372
258583
259889
260401
260544
260753
264852
264910
267050
270352
270637
270966
271373
273917
274929
275337
277229
278569
279459
280034
280146
280325
281060
283541
283693
284206
285227
286446
288017
289861
290581
290867
292787
293812
294960
296950
297788
299013
299477
300110
301153
302018
303785
304243
304448
305011
305192
306414
306525
306962
310776
312342
314923
315495
316145
317278
318706
320072
323416
324172
324399
324604
324916
326225
326380
327369
327391
327448
328050
328797
329628
330014
331130
331488
331503
332852
333209
336186
337714
338109
338169
221469
448314
116500
183190
178664
350151
876710
590161
594918
934400
346623
346952
351126
351533
351913
356467
356719
357085
357977
359651
360819
361236
361507
361629
363701
365927
366570
367432
368443
369217
371284
372552
373052
373415
373687
374298
374798
374848
376004
377010
377160
379885
380351
380830
381601
381990
382272
383265
383445
383606
385087
386639
387235
389308
390033
390211
391085
391996
392326
392756
392758
393168
394265
394959
395884
396663
397049
397494
398977
399282
399346
399999
400311
402542
410304
410917
411193
412093
412570
413062
413891
415161
415847
416046
416148
416408
416663
416899
417656
418186
419359
419776
420165
420820
422148
422813
425252
425829
425982
427047
427282
427524
428359
428489
428560
430115
430233
431689
432914
435204
435463
437360
438461
440724
441216
443215
443330
444151
444313
444437
444544
444571
445422
445629
445895
446010
452239
452414
453466
454460
455584
455701
456036
456516
457298
457682
458779
459846
460566
461250
463923
468514
469276
470430
470516
471315
471342
472181
472195
472969
473918
474122
474501
475215
476087
480917
481073
481402
481787
482990
483779
484874
485282
485834
486478
487500
487680
488570
488877
490501
491362
491501
491840
492819
493080
494562
495376
496868
497000
497187
499085
499177
499326
499995
500321
500402
500478
501142
504463
505937
506129
507463
510821
511110
511196
512060
513286
516691
516961
517882
518199
519822
519946
521478
524578
524686
526867
527060
527511
527952
528735
529274
530608
532845
533409
534587
535982
538458
538710
538922
539245
540100
542420
544067
544977
545176
546838
549304
550656
551036
551595
552688
555010
555259
556433
556912
561071
561851
563047
563122
563202
563338
564508
565367
566587
567438
569373
569835
570034
572539
573219
573390
574311
574883
575150
577722
577823
578086
578287
578773
578885
579198
580478
581172
581507
581973
582586
583090
584871
586019
586134
587439
588410
589011
589080
589878
589999
590305
595027
596818
598449
599150
599222
599558
599603
600266
601997
602133
604229
605382
606330
607572
611654
612148
612754
613693
615926
616123
616452
617317
618716
619562
620923
621547
621666
624654
625360
630323
630541
631155
632255
633204
633650
635041
635997
636769
638242
638334
640586
642354
643126
643870
648879
651103
651771
652839
653079
654122
654198
654367
654538
654644
654663
657654
657727
660200
660300
661959
662157
662344
662418
664238
664329
664567
665480
666431
668083
669153
669620
670131
670300
672119
672984
674784
674915
678252
678584
680002
680280
680695
680695
680939
681554
682500
682919
683426
684197
685101
686865
687448
688134
689154
690296
690577
690619
690754
692699
692860
694148
695352
695461
696851
696945
697415
697680
699641
699677
699811
700120
700131
701260
703427
705069
706055
706379
708017
708851
709453
709657
709933
710022
710043
710144
710513
710699
711839
713848
713858
715867
716746
717004
718990
719898
722635
723637
723672
723909
723978
726167
727151
731031
731731
731821
734509
735187
735382
735563
736362
738015
739555
740798
741263
741551
741991
742424
743408
744478
745146
746138
747887
750052
751737
752653
752797
753697
754105
754202
754281
754570
754648
754895
755740
756475
756953
759081
762276
762595
766018
767325
767437
768007
770789
770958
771390
774336
778146
778952
779018
780519
780937
786188
786744
787785
788011
788621
789080
789809
790559
791152
793358
795392
797935
798123
798129
799367
799659
800380
803568
805179
806812
807237
808537
808561
811714
813553
813936
814586
816525
816655
817542
817633
817942
818287
821472
821701
822211
823151
825857
827088
829288
830327
832606
832775
834407
834850
835065
838031
838842
841760
842033
842675
843195
844302
846028
848076
848151
849813
850543
851266
851530
856707
857156
858973
863175
864221
866090
866894
868740
871023
871214
871254
871675
872800
878473
878797
881235
882184
882316
882482
882813
883529
888690
888711
888767
889205
889352
890030
893574
894790
895946
896574
897177
897711
898354
899184
899996
900069
903178
903203
903702
905336
905870
906104
907399
907551
907670
909156
909390
909413
909432
909498
910971
911557
914152
916181
917930
918444
918948
919624
920272
920558
920743
921734
921831
921986
923539
925829
927880
928366
928377
928389
930903
932804
933042
936986
937719
938674
938887
939498
941228
942255
942924
944956
945244
945652
945998
946412
946817
947774
948626
949873
951687
951946
952310
953102
953368
954755
954994
955530
956498
957177
957603
959979
960163
961235
962225
963056
965926
966999
968500
969451
969950
972027
973078
977030
978652
979133
980326
980468
980594
984287
984664
985316
985831
986004
986219
987109
987286
988348
988696
988806
990804
992857
992997
995315
995410
998462
