5000
162
2586
2886
3904
4498
4660
5918
6212
9378
10810
12180
12910
14884
15588
16943
17405
18830
19703
21275
23745
24467
24621
24727
24728
24940
27586
27862
28007
29520
29610
30248
31748
31828
33026
36008
36342
39045
41104
41221
41993
42480
42869
43534
44292
46183
46735
46940
49682
51655
52260
52930
56879
57210
57295
58014
58086
59143
59204
60197
60417
62525
64271
64738
66306
66683
70383
71503
71538
71901
73734
74390
75310
79604
79731
79859
81315
82189
84381
85369
86240
86793
88212
88557
92119
93126
93256
94006
94741
95539
98136
98291
100151
101519
102107
102518
103129
103798
105699
105989
106185
108498
111558
111856
112134
112811
115119
115242
116333
119013
119734
120321
123955
124282
124863
125904
127714
128747
128778
128866
129868
129950
131267
133578
133713
134040
134361
135176
135710
135814
139103
139805
140317
141730
143062
143230
145944
146220
146265
148205
149015
149802
150677
150952
151002
151885
151924
153659
154145
154394
155171
157347
158065
158604
158851
160019
161209
161684
162998
163843
163986
164037
164148
165047
165240
166032
166059
166817
169522
171825
172174
178018
178991
179716
180514
181200
181455
182990
186311
187658
188198
188973
189283
190167
190727
190796
191260
191641
192713
193262
197440
197672
198478
199395
199510
200196
201970
202507
203771
205190
205947
207613
208179
208290
208348
209288
210783
212052
213208
213434
213843
214818
215225
215930
216314
218256
219195
219415
219544
220357
220545
220918
220990
221117
221500
222439
224097
225866
227302
228308
228839
230057
232057
232311
232329
233742
234176
236486
236719
236934
236957
237962
239260
240157
241491
241697
246317
246515
247035
248159
248409
248611
248904
250279
250431
251141
251808
252745
255403
258501
259078
260231
261228
266781
267635
267930
268683
268972
269161
269203
270289
270309
270409
270604
270693
273456
274515
275862
276881
278447
278661
278670
281573
285237
285659
285853
286573
289739
290432
290768
290779
291009
291076
294891
296073
297357
297859
300696
300728
304253
304288
304387
305131
305508
305878
306043
306555
306685
307041
308114
308214
310278
311664
313631
313907
313913
313924
315382
315881
316083
318595
319903
321902
322042
322214
322999
323616
324102
324421
324437
324966
327037
327352
329788
330152
331672
332473
332821
334334
334394
334954
335560
337234
338009
338025
338715
339248
343967
344035
344989
345200
346093
348292
348843
349270
352583
355940
356062
356063
356609
358409
358736
358922
360397
360713
361125
361707
364754
367687
368667
368992
369081
369970
370135
370528
371833
373184
375038
376373
379071
379517
381963
382514
382807
383052
384655
388303
388856
393220
393540
394145
394379
394513
395277
396105
396814
398149
399583
399905
403313
403797
404231
404857
405053
405765
408094
411153
413308
413802
415195
415828
416835
418352
420075
422441
424739
424873
425408
425953
427150
434000
434957
435055
435728
436781
437904
440366
440875
441685
442661
443622
445043
446919
447750
448003
448721
450143
450413
450724
450823
452407
455274
456139
456209
456305
456529
457072
457082
458382
458759
459041
461234
462600
462675
462803
465419
466608
467225
467404
467584
467840
468876
469712
470882
474959
476849
477249
479245
479410
479569
480199
480582
480642
481345
482467
482831
482901
483087
483090
484213
484218
484248
484667
485037
488093
489306
490579
491605
495181
496852
497532
497718
501453
502099
503075
503626
505568
505774
506651
506919
507015
507269
507883
508500
509343
509411
509598
509800
509959
511272
511960
512017
512101
516519
517478
519258
521519
521825
523695
525866
526655
526671
528120
529911
531008
533372
535169
538132
539326
541034
542491
543616
545244
546833
547405
548505
551019
552215
552759
553927
554511
554763
555956
556008
556391
558111
560041
561994
563213
565035
566677
566885
567391
567910
568146
568584
571032
571769
571827
574736
575128
575309
576294
577650
577779
578154
578326
579308
580322
580619
580638
581324
585851
586316
587627
587793
588134
588413
588612
589051
590908
593927
594374
594741
596070
596459
597471
597999
600753
600843
601476
602023
602738
603874
603959
604205
604793
604820
606766
607762
608290
608858
609196
609288
609438
610068
610251
610550
611533
614979
615027
617990
620577
621163
621763
622636
623944
624735
625409
625431
625529
625799
628104
630540
631485
632507
632847
633025
633158
634063
635461
635489
635720
636309
637028
637232
638225
638363
638648
640191
640477
640596
641062
642759
643143
643192
644337
644448
645012
647311
647849
648310
648722
649701
651058
651326
651806
654036
654069
654936
655484
656362
656810
657044
658178
659891
660775
662057
662921
663652
664800
664965
667014
667125
668672
670688
671383
672572
673312
674960
676391
676479
679170
679485
679910
681050
681633
682034
683466
684456
685500
687749
688665
688668
689306
689312
689396
689490
690464
690552
693166
694443
695416
695571
698397
698940
700863
701368
702335
702609
706573
707235
711057
711726
711881
717106
718067
718732
719987
720024
723065
724042
726155
728805
729335
729604
731137
731196
732870
732890
734147
734597
735985
740600
741433
741604
741790
743708
744250
744454
745142
746084
746444
748023
748864
749315
750006
750380
751009
752751
753097
753509
753584
755826
755881
756805
757820
758078
759537
760118
760211
760553
762843
762925
766079
766389
766673
767450
769080
769256
769295
772481
773761
773900
775386
775682
776599
777231
777236
778734
779108
779274
779571
780732
780772
781578
781962
785761
786055
786174
786367
789789
791003
791823
792790
793334
794171
795352
797531
797899
798023
799302
799970
802686
802957
804639
805182
805934
807319
807330
811442
812226
814992
815936
817461
820791
821884
822489
823024
824422
825018
826171
828751
828907
829392
829529
830027
830300
833014
833581
834384
834523
834970
836609
839228
839753
840004
841477
841937
843880
844509
844758
845950
849844
851608
851821
852735
854092
855171
856798
857068
857995
858521
858862
859035
860559
862152
863347
864419
866461
866758
868859
869057
869757
870748
871575
872289
873377
873849
874558
876377
878794
878887
880638
881577
883184
885115
885455
886393
886887
889330
890029
890175
890967
891400
892495
892546
895343
895470
897045
897392
898213
898633
899325
900513
900732
900978
903142
903267
903907
911779
911823
914511
915593
915683
916072
916683
917490
918053
918120
918274
918713
918790
919171
921202
921374
922743
924176
924636
926166
928387
928731
929244
932453
935717
937817
938051
938063
938262
939788
940974
941391
945573
946011
946246
946413
946746
947711
948104
949067
950693
955314
955770
955795
957176
958727
959423
961834
962367
962944
962961
964151
965086
966155
967004
968788
969425
970534
971278
972628
972708
973043
973268
974769
975130
975330
976988
978621
979414
979470
979696
980068
980574
981529
981989
982767
982802
984575
985191
985839
985839
987604
988895
988994
990261
990730
993263
994437
994862
994915
996689
999305
1003779
1004808
1006504
1008737
1009660
1009734
1010308
1011982
1014142
1014677
1015864
1019524
1024296
1024642
1026967
1027337
1027846
1028222
1029138
1029235
1031461
1033605
1034734
1034794
1034999
1038436
1038583
1038995
1039019
1039253
1040500
1043820
1045079
1046672
1046817
1046945
1048033
1048216
1048630
1048872
1051286
1051893
1052543
1053581
1053971
1056283
1056498
1057861
1058318
1058558
1060438
1061158
1062691
1063982
1065490
1066947
1067487
1069006
1069720
1069850
1071735
1072311
1072801
1072985
1074851
1075369
1077500
1079070
1079095
1079233
1080288
1080838
1081244
1081771
1082090
1083032
1083113
1083650
1083666
1083946
1085477
1087454
1088559
1089271
1089509
1089844
1090735
1092519
1092659
1093711
1094525
1094760
1095618
1100178
1100420
1101758
1102863
1103030
1105178
1105708
1106763
1106802
1106937
1107842
1107870
1111964
1113394
1121556
1121871
1122767
1123760
1127524
1129029
1129346
1129529
1130518
1130617
1132183
1132533
1135812
1136721
1137830
1138640
1138951
1140896
1144435
1145203
1146668
1146860
1148699
1149139
1151737
1153135
1153217
1153757
1154638
1155577
1155624
1155674
1156151
1156280
1156295
1156455
1156732
1159364
1160038
1160286
1160387
1160533
1161558
1162210
1163589
1164350
1164377
1165788
1166052
1166746
1167024
1167185
1170279
1170294
1171053
1171984
1172626
1174709
1174972
1176345
1176402
1176677
1179339
1183608
1185994
1188134
1188465
1189089
1190453
1190961
1191251
1192120
1193369
1194700
1194902
1195305
1195441
1196553
1196724
1200583
1201375
1202318
1203289
1204691
1205818
1206018
1206891
1207177
1207675
1208349
1209344
1209389
1210352
1211351
1211429
1212546
1212926
1214152
1214690
1215299
1216119
1216761
1217337
1217364
1220456
1221148
1222125
1222171
1222476
1223115
1224270
1225058
1225642
1227978
1228285
1228603
1228835
1230086
1233918
1234454
1235160
1235608
1237095
1237653
1238715
1239505
1240145
1241933
1243970
1244337
1244639
1246151
1247262
1247360
1247955
1248875
1251071
1252451
1252486
1253076
1253545
1253622
1254301
1254797
1254986
1255111
1255681
1256176
1256672
1259085
1259155
1263181
1263188
1266948
1267074
1267293
1267349
1268143
1272618
1273159
1273286
1275012
1276496
1276658
1277211
1277276
1278256
1278550
1279474
1279717
1280073
1281597
1281620
1283401
1283619
1285469
1285616
1286509
1286748
1286895
1287256
1288147
1290257
1290262
1292707
1292940
1296508
1298285
1299388
1302098
1302141
1302771
1302959
1303136
1304054
1304928
1305259
1305429
1305750
1306034
1306638
1308547
1308916
1308981
1309040
1309605
1309812
1310121
1310442
1310841
1313556
1313985
1314126
1314314
1316048
1317809
1318689
1319092
1319431
1320070
1321776
1322138
1322388
1326455
1326874
1327448
1327565
1328771
1330764
1331664
1331697
1333339
1334736
1335188
1337221
1338483
1338668
1339083
1340431
1340510
1342886
1343188
1343280
1343290
1343508
1344633
1346242
1347349
1349095
1349676
1350114
1350408
1353049
1353402
1353590
1355539
1356181
1358204
1359354
1359931
1361200
1361490
1362089
1363530
1364204
1364364
1365200
1365541
1365603
1367009
1368489
1368907
1369541
1370151
1371966
1372224
1372404
1372620
1372671
1374498
1375981
1376173
1376865
1376887
1381098
1382611
1383977
1384396
1385418
1385498
1385556
1385715
1386078
1386276
1386359
1387660
1389801
1391021
1391839
1392156
1392367
1392484
1392807
1392851
1395283
1396165
1396903
1397316
1397495
1397621
1399135
1399801
1399883
1400225
1400630
1402001
1403676
1404710
1406497
1406945
1407173
1407496
1408442
1409380
1409425
1411077
1411953
1412165
1413421
1413747
1413832
1414145
1414469
1414549
1414816
1415446
1417466
1417553
1421483
1421958
1422199
1422923
1424846
1426738
1426937
1427714
1428519
1428617
1430139
1430286
1430838
1430861
1431116
1431719
1431720
1431928
1431944
1432697
1432776
1432995
1433185
1433476
1433901
1435043
1435154
1436134
1437688
1439317
1439682
1439921
1440117
1440568
1441138
1442764
1445441
1445733
1446243
1447987
1449274
1449882
1450010
1450241
1452341
1453228
1453712
1454335
1455840
1460879
1462366
1465825
1466444
1467448
1472382
1474072
1474506
1478454
1478673
1479578
1480550
1483109
1484289
1486356
1486611
1487173
1487246
1488556
1489431
1491020
1491061
1492060
1492542
1492701
1492738
1492746
1499967
1501757
1501914
1502321
1505477
1506438
1509024
1509138
1510237
1510281
1511822
1511982
1513032
1515480
1517949
1518264
1520993
1525646
1527692
1527804
1528137
1528539
1529206
1529417
1534579
1537374
1537568
1538546
1538923
1539957
1541430
1543053
1543081
1543725
1544533
1546178
1548147
1549745
1550050
1550186
1550224
1550545
1552151
1554972
1557226
1559361
1559992
1560440
1561487
1562108
1562592
1565229
1568156
1568401
1568738
1574406
1575089
1575349
1577923
1578678
1578838
1578995
1580646
1581416
1582637
1583244
1584508
1584636
1584838
1585359
1587500
1587584
1588301
1588372
1588509
1588919
1589880
1591737
1591841
1594137
1596181
1597169
1598066
1598861
1598883
1599227
1600206
1600638
1601006
1601381
1607023
1607212
1608727
1608934
1612513
1612945
1614408
1614615
1615994
1616367
1616787
1617095
1617787
1622068
1624818
1625059
1627610
1629617
1630107
1630387
1631637
1633910
1634183
1634906
1635266
1635791
1636108
1636591
1636902
1637732
1638635
1639632
1640076
1642700
1643148
1644219
1644982
1646064
1647861
1648677
1648981
1651191
1652070
1652662
1654013
1654844
1656739
1656916
1657027
1657077
1657200
1657830
1658139
1659634
1660620
1661491
1664672
1665754
1666332
1666646
1667391
1669409
1672700
1674180
1221469
1448314
1116500
183190
4178664
1350151
3876710
590161
4594918
934400
4943334
1624887
2925039
4360430
864987
4517741
2074833
1850379
1023500
3160029
4818078
4259431
4409588
2407734
2362697
2504002
1859273
4337380
2376034
1268306
511928
3597503
232972
1628429
1297045
4411637
494932
173756
2518150
89850
3624508
4977836
1714738
1549547
1854619
96077
3583641
1445804
4462809
2123493
1723896
1723970
1724783
1725237
1725373
1725573
1726632
1727065
1727361
1731500
1732068
1734021
1734881
1736219
1736691
1738064
1738174
1738350
1738555
1740230
1742738
1743229
1743278
1743995
1746014
1746601
1747962
1750437
1752649
1752909
1754391
1757730
1757741
1759776
1759863
1760559
1760664
1760674
1761677
1761722
1762249
1763184
1764908
1766529
1766634
1768749
1769118
1770862
1771622
1771798
1773144
1773217
1774064
1776506
1776759
1776820
1777883
1781546
1781677
1782076
1785593
1785708
1786331
1786467
1787615
1787898
1789080
1790862
1793259
1794828
1798861
1799830
1799900
1801415
1802533
1802691
1803038
1803390
1805377
1805947
1810564
1811761
1812866
1813330
1814469
1814920
1815417
1816284
1817710
1817976
1822171
1822395
1824070
1824541
1827076
1828359
1829075
1829177
1829303
1829516
1829587
1831260
1831549
1831749
1831833
1832494
1833018
1833198
1835076
1835953
1836988
1837889
1839338
1839387
1840243
1840795
1840891
1841148
1842006
1842104
1844619
1845716
1847966
1852179
1852572
1852806
1853202
1853282
1853431
1856924
1857169
1858174
1858474
1858776
1859851
1861190
1861665
1862501
1863962
1863968
1865915
1866279
1866439
1867159
1868048
1868473
1868519
1868923
1869945
1870251
1871445
1871794
1872985
1873407
1875270
1875389
1876483
1877102
1877555
1878510
1878805
1879527
1880146
1881422
1885107
1885590
1885840
1887476
1887756
1888874
1890045
1890293
1892153
1892944
1893372
1893656
1894357
1895566
1899268
1899503
1899996
1902991
1905050
1906234
1906926
1907907
1908076
1908208
1908371
1908756
1909058
1911601
1911838
1912545
1913376
1913487
1913911
1914526
1915339
1915891
1916614
1916660
1916704
1917119
1917782
1918423
1919722
1921290
1923130
1927971
1928061
1930137
1930182
1930485
1931046
1931191
1931229
1931634
1932568
1932935
1934608
1935005
1935544
1935838
1936478
1938741
1941043
1942792
1943977
1944816
1945031
1946910
1947062
1947452
1947897
1948729
1949153
1950179
1950323
1951067
1951631
1951915
1952428
1954195
1954889
1955321
1955744
1956769
1957249
1957890
1958145
1959604
1960021
1960704
1963494
1963619
1963804
1964733
1965038
1967267
1967631
1968254
1968425
1969397
1971283
1971645
1971965
1972142
1972433
1973716
1973887
1974874
1975585
1976731
1977481
1977584
1978941
1979915
1981477
1981538
1981556
1984582
1986123
1986312
1989000
1991078
1994648
1996321
1996960
1997704
1997873
1997918
1997950
1999248
2000553
2001644
2002980
2005105
2005186
2005852
2006786
2006883
2007481
2008530
2008669
2009235
2011548
2011651
2012935
2014395
2015175
2016577
2017024
2017968
2018129
2018327
2018384
2018766
2019661
2019663
2020848
2021828
2022308
2023300
2023494
2023941
2024842
2024895
2025212
2025541
2030726
2033924
2036050
2037069
2037227
2037271
2037951
2040117
2040144
2040301
2041622
2042341
2042533
2042623
2042870
2044075
2044994
2048542
2049074
2050105
2050397
2050591
2051719
2052066
2052981
2056540
2056696
2056702
2057475
2058241
2059892
2059896
2060415
2060800
2060817
2061390
2061651
2061675
2063300
2063305
2063306
2065442
2065473
2066197
2069441
2071831
2072023
2072435
2074173
2074409
2075894
2077216
2077604
2078469
2079709
2080498
2080703
2081351
2082267
2084096
2084994
2086468
2092490
2092724
2092962
2093909
2094058
2094413
2094505
2095115
2095267
2097296
2099427
2099737
2099762
2099920
2103761
2104259
2104931
2106109
2106691
2110806
2110889
2114196
2114345
2114765
2115261
2118736
2120703
2122084
2122760
2123676
2125953
2130327
2132412
2133640
2135007
2137486
2139036
2141352
2141670
2141857
2143144
2143310
2145647
2147034
2149975
2150886
2151261
2151271
2151642
2154390
2154628
2154793
2154813
2156781
2158160
2159216
2163783
2164087
2165070
2166166
2167015
2167149
2167235
2169580
2172752
2173525
2173869
2175416
2176043
2176249
2176471
2177507
2177746
2179212
2179640
2183599
2185966
2187023
2187389
2189106
2189470
2189778
2190208
2190626
2192352
2193613
2193635
2195538
2196557
2198830
2199794
2199922
2200401
2201020
2201265
2201281
2201328
2203142
2204038
2207860
2207865
2208059
2208587
2209993
2210706
2211155
2211426
2214826
2215442
2215826
2216147
2216885
2217004
2218467
2219289
2219791
2220011
2220503
2220958
2221128
2221782
2223100
2223786
2226347
2228452
2231504
2232934
2232992
2235321
2236772
2236911
2237046
2239277
2240141
2240668
2241899
2241956
2244114
2246422
2248510
2248906
2249966
2250777
2252239
2254611
2255090
2257354
2257442
2258222
2259512
2262482
2262524
2264053
2264542
2264690
2266923
2266927
2268796
2271214
2271449
2271507
2271848
2272725
2274818
2275705
2277151
2279076
2280669
2280695
2280961
2281176
2283624
2285526
2286985
2287156
2287869
2288591
2288719
2292390
2292864
2292876
2293423
2295123
2295872
2296209
2298511
2299767
2299880
2301082
2301262
2301381
2301857
2301969
2302478
2303883
2304163
2306087
2306234
2308139
2308188
2312079
2314206
2314660
2315291
2316426
2316557
2316729
2318571
2319549
2319617
2321859
2321945
2322943
2323913
2324091
2324760
2325249
2326336
2326502
2326990
2327099
2327270
2327546
2329414
2330818
2331030
2331754
2332575
2332776
2333255
2335889
2337026
2337123
2338360
2338884
2339192
2341497
2341561
2342163
2342226
2344572
2346188
2346524
2349063
2349919
2350733
2352570
2353550
2354012
2355524
2356107
2357149
2357618
2359829
2360039
2360165
2362286
2364029
2364863
2366934
2367083
2367297
2367666
2367901
2367964
2368684
2369947
2370064
2370165
2373561
2373568
2374670
2377330
2377472
2380492
2381633
2381732
2381897
2382883
2384306
2384451
2385073
2388589
2388828
2388945
2389309
2389604
2391220
2391585
2392271
2392374
2394298
2394622
2395310
2395520
2397750
2398260
2398944
2399005
2399592
2399956
2399991
2400487
2401812
2404821
2405515
2407301
2411090
2411424
2411439
2411947
2412272
2412366
2412463
2412491
2412741
2413090
2413501
2416376
2416988
2417139
2418101
2420176
2422328
2422747
2422810
2426960
2430052
2430207
2433053
2433683
2435235
2435599
2435795
2437336
2437990
2438608
2438802
2439453
2439950
2440181
2444658
2445269
2445759
2447020
2447499
2447982
2449498
2452173
2453570
2455304
2456447
2457746
2459843
2463178
2464232
2465333
2465525
2465992
2467227
2467798
2468402
2470965
2472072
2472936
2473669
2474537
2474812
2474813
2477799
2477843
2478323
2478656
2478783
2478993
2479056
2479126
2479333
2480458
2480578
2481253
2481271
2482805
2484768
2484848
2484939
2485424
2487420
2487683
2492102
2492120
2492130
2492375
2493312
2495192
2495454
2495619
2496139
2497449
2499347
2501139
2502163
2502691
2502774
2505848
2506150
2506426
2507987
2508236
2508430
2508784
2509615
2510365
2510630
2511518
2512052
2513299
2513549
2515230
2515433
2515708
2515751
2515789
2518979
2519150
2519170
2519901
2519954
2523312
2526613
2527319
2527433
2527756
2528579
2531582
2531633
2531681
2532416
2534523
2534839
2534953
2535527
2536294
2536539
2537424
2537650
2539193
2539458
2539544
2540762
2540943
2541544
2541708
2542062
2542122
2542211
2542474
2545498
2546290
2546564
2547892
2548919
2550783
2550798
2550837
2551870
2552010
2553826
2555302
2555766
2556541
2557685
2557822
2558569
2559405
2559681
2560573
2561889
2562971
2563599
2564895
2564938
2566377
2566425
2567538
2567665
2568334
2568945
2569912
2572530
2573715
2573990
2574909
2576014
2576603
2581666
2582262
2582519
2583556
2583905
2584024
2584116
2584553
2584594
2585196
2585747
2588451
2589749
2591665
2591813
2594564
2599272
2599664
2600356
2601327
2603762
2604413
2604453
2604758
2605665
2606119
2607163
2608693
2609496
2609756
2609776
2610811
2611530
2611554
2611912
2612431
2612501
2613608
2614335
2614520
2614696
2616181
2618184
2620026
2626697
2626792
2627873
2628614
2628857
2630353
2630635
2631789
2633257
2633485
2634083
2635074
2635639
2635759
2636009
2636316
2638341
2640750
2643884
2643993
2645428
2646130
2646689
2646712
2646988
2647467
2648648
2648873
2649089
2649157
2651035
2651221
2651814
2652087
2654027
2654329
2654606
2655725
2655754
2656471
2657465
2658380
2660103
2662580
2662741
2662868
2663113
2663258
2666072
2666428
2667292
2669414
2669799
2669976
2670016
2670457
2672101
2672160
2674832
2675149
2675499
2675846
2676582
2676842
2677066
2677079
2677248
2677276
2677375
2677472
2677542
2677737
2678538
2680010
2680053
2681158
2681694
2682227
2682424
2685034
2687537
2690854
2692972
2693145
2693163
2695909
2696748
2697487
2698133
2700201
2700687
2700882
2703820
2705348
2707015
2707677
2709216
2709462
2709539
2710598
2712977
2713355
2713541
2713545
2713626
2715691
2717672
2718510
2719192
2719408
2719995
2720304
2721054
2721311
2721562
2722066
2723654
2724164
2725027
2725312
2725619
2728496
2729074
2729714
2730284
2730308
2731220
2731404
2732322
2732363
2732374
2732750
2734513
2734889
2736117
2737673
2739065
2739480
2743653
2743771
2744796
2745418
2747559
2749025
2751262
2752393
2754323
2754518
2755773
2756178
2756186
2758408
2760356
2761072
2762520
2764558
2764671
2765110
2765335
2765402
2765417
2765899
2766232
2766306
2767296
2767719
2769072
2771229
2771695
2772499
2773476
2774826
2775393
2775458
2775503
2776170
2777114
2779179
2779826
2781089
2781194
2781892
2783928
2784676
2784708
2785170
2785324
2786983
2788387
2789877
2789984
2792234
2792984
2793174
2793675
2794650
2799324
2799964
2800784
2804586
2807058
2808744
2809222
2809413
2809452
2811611
2818167
2818569
2818805
2819378
2819805
2820375
2820640
2823043
2823172
2824226
2825718
2827140
2829411
2832484
2832746
2833710
2835144
2835271
2837238
2837529
2840171
2840753
2841397
2843970
2844747
2846127
2847621
2848366
2849367
2849881
2850239
2852910
2854258
2855145
2855234
2857524
2862330
2863176
2863933
2865692
2867055
2868206
2869558
2870781
2873001
2874702
2875860
2877835
2878592
2879476
2880061
2881021
2882442
2884698
2885644
2885811
2886619
2887418
2888347
2889947
2891657
2891843
2895569
2900631
2900878
2901945
2903612
2904191
2904217
2905930
2906476
2907093
2907156
2908181
2908188
2909028
2909670
2910212
2910919
2911313
2911460
2911895
2916875
2919070
2920569
2921297
2922250
2922922
2923455
2924919
2925441
2927255
2927617
2927653
2928293
2928544
2929295
2929966
2932203
2933400
2933677
2934772
2935134
2935225
2936779
2938741
2938807
2940362
2943250
2943966
2946465
2947627
2948427
2949111
2949573
2950221
2951497
2951573
2952502
2953232
2953317
2954588
2954854
2955074
2958158
2958346
2959260
2962204
2962528
2962610
2962705
2963223
2963548
2964391
2964831
2966095
2967846
2968110
2968693
2968820
2970668
2973543
2977303
2978404
2979675
2982822
2983018
2984983
2985433
2985743
2986839
2987349
2988504
2988568
2991321
2991770
2992502
2992672
2993993
2994931
2994932
2996199
2999309
2999715
2999995
3000593
3001519
3002894
3004226
3005192
3006165
3007634
3007742
3011995
3012241
3012495
3013447
3013542
3016769
3016875
3017724
3019645
3021006
3021397
3021679
3022790
3024576
3027651
3027958
3028879
3029074
3029932
3030598
3031363
3033365
3033420
3034070
3034350
3036504
3038450
3038540
3038633
3039914
3041989
3042181
3042727
3042999
3043702
3044887
3048366
3048955
3050609
3050992
3053455
3053653
3053669
3054111
3057909
3058817
3059166
3059467
3063522
3067072
3067462
3067781
3068951
3069778
3070227
3071779
3074426
3074520
3074782
3075384
3076238
3076582
3077041
3077951
3079190
3079311
3080290
3083950
3085174
3085191
3085259
3085330
3085948
3087755
3089470
3089650
3090144
3091554
3092213
3092655
3094013
3094038
3094250
3096158
3096901
3097644
3099753
3100006
3100565
3100930
3101368
3101740
3103896
3104501
3108565
3109941
3110257
3110825
3111741
3112083
3112194
3112925
3112931
3113582
3113745
3114074
3116594
3118816
3119352
3119932
3120240
3120540
3121269
3121463
3121911
3123018
3123895
3125681
3127586
3129725
3131412
3131414
3131986
3132774
3133395
3133397
3135138
3136128
3136655
3136762
3137176
3139320
3140532
3142172
3144847
3145298
3146400
3147117
3148273
3149500
3150748
3151989
3152780
3153296
3154443
3156067
3156765
3157493
3158405
3160209
3162386
3165463
3166385
3166993
3167007
3167339
3168363
3169061
3170120
3170380
3170933
3171457
3172885
3173963
3174570
3174670
3174884
3175878
3180176
3182161
3182355
3183262
3184277
3184460
3186556
3189492
3189506
3189655
3190555
3191538
3191802
3192947
3193076
3193959
3194234
3194604
3195585
3195764
3196441
3197963
3200582
3200852
3201730
3203083
3205089
3206315
3206773
3207381
3207989
3211692
3211954
3212712
3212770
3213882
3214115
3216085
3216722
3218162
3218231
3218424
3219269
3219948
3220384
3220673
3221014
3221491
3222475
3223183
3224247
3224347
3226251
3226407
3226778
3228822
3232786
3233866
3236118
3236308
3236536
3237991
3238989
3239575
3239657
3239998
3243922
3249771
3251302
3251430
3252564
3255890
3257498
3257793
3261520
3261608
3262337
3262362
3263591
3263927
3265685
3268034
3268061
3268248
3268414
3268691
3269068
3271988
3274045
3275684
3276655
3277730
3278690
3279589
3279809
3280851
3281169
3281867
3282680
3284459
3285489
3286395
3288030
3288120
3288222
3288353
3290702
3291155
3291376
3291830
3292689
3293748
3294603
3295161
3295229
3296757
3298164
3300142
3300191
3300687
3300872
3302061
3303179
3303343
3304746
3305793
3308039
3308917
3309924
3310578
3310689
3311053
3311339
3312473
3313229
3314867
3315377
3315690
3317905
3319935
3320442
3321563
3322818
3324118
3324393
3327065
3329266
3329861
3331396
3331997
3333554
3333815
3334126
3335171
3335215
3335463
3337788
3339502
3339839
3340373
3340608
3340983
3341597
3342642
3343293
3343749
3344171
3345020
3345494
3347016
3347161
3347236
3347648
3351074
3353008
3353017
3354238
3354702
3354863
3355254
3358619
3361041
3363449
3365200
3367318
3367715
3368731
3369779
3370124
3370500
3372230
3375532
3376583
3377300
3380002
3380295
3381567
3382154
3382576
3383855
3385560
3390584
3390675
3390682
3391073
3391177
3393806
3396631
3397342
3397862
3398171
3398349
3399171
3400021
3402121
3403495
3403571
3405241
3406533
3406852
3407405
3409578
3409720
3409944
3410058
3413279
3413821
3414149
3414552
3416044
3416354
3416408
3416412
3417108
3417161
3418002
3418198
3419241
3419733
3420610
3421693
3422267
3422699
3423920
3426569
3427418
3427500
3428420
3428970
3429614
3430143
3431113
3432731
3434079
3434510
3435511
3438216
3438502
3440162
3440698
3442531
3443283
3443773
3444740
3444908
3447244
3447350
3451595
3452688
3453072
3453273
3454605
3457813
3458573
3458623
3460285
3460443
3462060
3463499
3463570
3464426
3465639
3470935
3472544
3475887
3475971
3476423
3476630
3477383
3478966
3480712
3481264
3481684
3482177
3482538
3483017
3483654
3484499
3485318
3485564
3486274
3486728
3487829
3490325
3491443
3492317
3492396
3492589
3495300
3495940
3495956
3496119
3496885
3496905
3497141
3497389
3498737
3499081
3499228
3500862
3501781
3505943
3506436
3507479
3509492
3511727
3512211
3514270
3514326
3514997
3515071
3515870
3517265
3519720
3525140
3525594
3525694
3528422
3528537
3528598
3534114
3534471
3535906
3536232
3536470
3536676
3537339
3539809
3539941
3540493
3540717
3541112
3541732
3541897
3542991
3545724
3546393
3549989
3552571
3552824
3554764
3556064
3556074
3556739
3557424
3559227
3559582
3559908
3560348
3560709
3561714
3563903
3564209
3564798
3567043
3567093
3567166
3568123
3571303
3571607
3571750
3573300
3573873
3577578
3580271
3583060
3584017
3586071
3586105
3586859
3587027
3588539
3588596
3589166
3590763
3590846
3591104
3592152
3593092
3594495
3594616
3594690
3595203
3596198
3596254
3596274
3597269
3600894
3602849
3603416
3605533
3608449
3609987
3611877
3612258
3612956
3613379
3613691
3615170
3615697
3617209
3618305
3620078
3622997
3623253
3625221
3626371
3626858
3627809
3628604
3628797
3629034
3630436
3631487
3631691
3632195
3632551
3632789
3633377
3636946
3637540
3638635
3641243
3641420
3641611
3641637
3641704
3642507
3643345
3643476
3643896
3644396
3647452
3649434
3649707
3653461
3654574
3654631
3654891
3655277
3658620
3660479
3661088
3662227
3662233
3662443
3664060
3664165
3665068
3666302
3667933
3668109
3669537
3671300
3671693
3671746
3673964
3677120
3677314
3679087
3679440
3679959
3680243
3684344
3684733
3686775
3687379
3687783
3688117
3688234
3688252
3688926
3689238
3689816
3690218
3690222
3692271
3693780
3693791
3694991
3695064
3695760
3696792
3697100
3697995
3699238
3700612
3701099
3704610
3707627
3709337
3710827
3712610
3715089
3715558
3715852
3716662
3717465
3717701
3717897
3718488
3719117
3721031
3722271
3724810
3725288
3726404
3726762
3727214
3730951
3733958
3735159
3737072
3737761
3738168
3738946
3740411
3740934
3741478
3742086
3747738
3750025
3750606
3751085
3751994
3752052
3752204
3752233
3752716
3752827
3753072
3754904
3756138
3756463
3759045
3759301
3761466
3761891
3762093
3767430
3767961
3768105
3769500
3770003
3771863
3773010
3773941
3774998
3776569
3778449
3779152
3781441
3782551
3786272
3786606
3788284
3790207
3790531
3792755
3793885
3795768
3796017
3796181
3799234
3799247
3800514
3800556
3802131
3804842
3805054
3806664
3808375
3809385
3809666
3810186
3811351
3813177
3814153
3814733
3815998
3817747
3820401
3821973
3824011
3826893
3826978
3827603
3830363
3831435
3831886
3832988
3833598
3833644
3835208
3835306
3839157
3839782
3840037
3840278
3841749
3841907
3844973
3846117
3846499
3847674
3848521
3851446
3851569
3851957
3852575
3852803
3853507
3853764
3857726
3859327
3860528
3861642
3861734
3861797
3862166
3862609
3863222
3864895
3866107
3866969
3868660
3872016
3872504
3873077
3875191
3875700
3876173
3877428
3877649
3877691
3879104
3879222
3879254
3880138
3881052
3881596
3882610
3883326
3883520
3884928
3885707
3886337
3887992
3889095
3890443
3890536
3890960
3891782
3892677
3894704
3894970
3897462
3897833
3898188
3900179
3900652
3900997
3901093
3903155
3903493
3904187
3906400
3907806
3908522
3908953
3910236
3910553
3913183
3914886
3917553
3918199
3918322
3918432
3919738
3921336
3922047
3922843
3924770
3924879
3925934
3926205
3926748
3928831
3931225
3931646
3932463
3934382
3934737
3935155
3937941
3938474
3938946
3939425
3939555
3940660
3940792
3941961
3942033
3943087
3944703
3945845
3947400
3947922
3948880
3948909
3949627
3949915
3950630
3952552
3952669
3953075
3953203
3953989
3954272
3957595
3957762
3959009
3959406
3960866
3963185
3965012
3968330
3970079
3971203
3971600
3971721
3971811
3972582
3973134
3973415
3973702
3973793
3973843
3974800
3975635
3976084
3976232
3977304
3977881
3980046
3981137
3982263
3984066
3990810
3992565
3993336
3993821
3995483
3996229
3996673
3996828
3997817
3999705
4000466
4007774
4008772
4009242
4009709
4013928
4014551
4014895
4016219
4016290
4018068
4018537
4020772
4022252
4023093
4025453
4026413
4027129
4028001
4031542
4033168
4033797
4033850
4033861
4034359
4034966
4036496
4037930
4039784
4043166
4043533
4044389
4045869
4046449
4047218
4047602
4047981
4048353
4048739
4051551
4053304
4054722
4055394
4056283
4056366
4056988
4057694
4058542
4059111
4059662
4061116
4062997
4063709
4064556
4064866
4066081
4066187
4069022
4069075
4069264
4069983
4070074
4071493
4074249
4074753
4075772
4075780
4076821
4076865
4076942
4077124
4077327
4077534
4080113
4080570
4081427
4082080
4082388
4082881
4082998
4083556
4084008
4085406
4086468
4087790
4089950
4090127
4090149
4090726
4094262
4094578
4094615
4095336
4095482
4095576
4097023
4097340
4098369
4099445
4100559
4101186
4101256
4102291
4104588
4104723
4105063
4106742
4106845
4107114
4107209
4107628
4107803
4108048
4109127
4109603
4109897
4110217
4110983
4111176
4111556
4111862
4115114
4116756
4116831
4116901
4118317
4118615
4121638
4121911
4123393
4125923
4128345
4129273
4130906
4134086
4134474
4136600
4136672
4137362
4139043
4139352
4139367
4140020
4140427
4140525
4140672
4142625
4142966
4143138
4144336
4145415
4145418
4146236
4148140
4148196
4148932
4150909
4155852
4157143
4157445
4158123
4158801
4159354
4160453
4160466
4160562
4160589
4160830
4161893
4162765
4164501
4164798
4166146
4166952
4167016
4170395
4171353
4171746
4173976
4173992
4175001
4175131
4175473
4176213
4177516
4177695
4180631
4182501
4182594
4185163
4187313
4188075
4189308
4189339
4190402
4191038
4191262
4193037
4193434
4193787
4195008
4195463
4196323
4196357
4197033
4198744
4198796
4199905
4201343
4201354
4201556
4202185
4203728
4204245
4204940
4205459
4207399
4207694
4208566
4212285
4212340
4214062
4214238
4214682
4214843
4215710
4216122
4216998
4217662
4217778
4218524
4218597
4219590
4219971
4221730
4222233
4223062
4223288
4224613
4226239
4226442
4227664
4228831
4229210
4230160
4230330
4231543
4232774
4233434
4234848
4235118
4235205
4235219
4235918
4237296
4239072
4239219
4239551
4243204
4244399
4244476
4248263
4248433
4249360
4249731
4249763
4249780
4250356
4250375
4251000
4253401
4254161
4255590
4255949
4256360
4256818
4257030
4257212
4257311
4260482
4261885
4264948
4265016
4265067
4265400
4269300
4269712
4270315
4273044
4274750
4278628
4279449
4279512
4284531
4284774
4284833
4286595
4287069
4288730
4289914
4291036
4291872
4292227
4296241
4297265
4297966
4298106
4298486
4300345
4300983
4302842
4303421
4303657
4306635
4307343
4307673
4308089
4308779
4308939
4309033
4310095
4311081
4311634
4313321
4314033
4314625
4314955
4316701
4316911
4320758
4323037
4324046
4325220
4326857
4328051
4329579
4329683
4330264
4330300
4330793
4333571
4334021
4334174
4334978
4335940
4336002
4336855
4336898
4337507
4339325
4339615
4341586
4341755
4342243
4344861
4345812
4345862
4345981
4346583
4347233
4347754
4348370
4349024
4349417
4349424
4350421
4350853
4351200
4351415
4353726
4354032
4354478
4355548
4355854
4356106
4356342
4356703
4356895
4357386
4357398
4358514
4359530
4362150
4362972
4363154
4364112
4365082
4365368
4365881
4366248
4366644
4367040
4368129
4368188
4368590
4368701
4370365
4371883
4372114
4372386
4372430
4372522
4372535
4373672
4374103
4376098
4376370
4376980
4378351
4380254
4380678
4381540
4382446
4383308
4383541
4384740
4386686
4386969
4388904
4389918
4389984
4390154
4390571
4390608
4390637
4390930
4391255
4395013
4395624
4395907
4396362
4401387
4401512
4401580
4402892
4403028
4403610
4403748
4405172
4406126
4408288
4408498
4408716
4409783
4411912
4412512
4413393
4422349
4424856
4425136
4426452
4426588
4427498
4431196
4431455
4434547
4435595
4437318
4438455
4440004
4442445
4442606
4446003
4446950
4447469
4448425
4449527
4450664
4451348
4451762
4452818
4453021
4453456
4454578
4455583
4456197
4456942
4458734
4460927
4461375
4461873
4462692
4463391
4464463
4466114
4466141
4466186
4466614
4467034
4467341
4467961
4468370
4469990
4470638
4472461
4477213
4478155
4478819
4480334
4480640
4481081
4482123
4482562
4483195
4483964
4484534
4485398
4485685
4486173
4487663
4488323
4490415
4491379
4491850
4495917
4496375
4496679
4498364
4498757
4498873
4499242
4499619
4499839
4500378
4502261
4502506
4504057
4504796
4506206
4507564
4507812
4509164
4509388
4510214
4511197
4511244
4513603
4514036
4514561
4514882
4515855
4516192
4516602
4519335
4521363
4522520
4522690
4524421
4525347
4526045
4526182
4526871
4529608
4529820
4530253
4531029
4531589
4533160
4533668
4533831
4535036
4535535
4536693
4537197
4539137
4540362
4543638
4544618
4544903
4548024
4549079
4549106
4549139
4549567
4551551
4552786
4554206
4555427
4557819
4557890
4558469
4560143
4561183
4561200
4565744
4566362
4566665
4566756
4568180
4568537
4569014
4569611
4570269
4571539
4572274
4573067
4573258
4573428
4574479
4575816
4576624
4577454
4577834
4578565
4578809
4579137
4580316
4581000
4581002
4583327
4584959
4585174
4585644
4585657
4585711
4586112
4586596
4586969
4587084
4588361
4589977
4590089
4590214
4590868
4592436
4592853
4593395
4593444
4593586
4594879
4595382
4596810
4597012
4597383
4598012
4598260
4600310
4600901
4601510
4601775
4601969
4604012
4606853
4607476
4607490
4608066
4608248
4608767
4610211
4612458
4613170
4616558
4617025
4618344
4619137
4619476
4620084
4620789
4621547
4621758
4625029
4625889
4626708
4626937
4628033
4628407
4628669
4628820
4629471
4630112
4634948
4635322
4636056
4638270
4638969
4639086
4641482
4642853
4646345
4647864
4650265
4650718
4651717
4652460
4654821
4655197
4655940
4656460
4656487
4657291
4658759
4661486
4661612
4662823
4664429
4664732
4664857
4665368
4666660
4667692
4667936
4668158
4668224
4668647
4670426
4670990
4671664
4671783
4672351
4673000
4673150
4673328
4674247
4674441
4679807
4679896
4683201
4684470
4687313
4687379
4688005
4688238
4691088
4691825
4693645
4697671
4698334
4700350
4701290
4701372
4703707
4703832
4704094
4704578
4704708
4705254
4706428
4707430
4710472
4712787
4713143
4714748
4716949
4718101
4719470
4720816
4721570
4723501
4725217
4728449
4729459
4733803
4735136
4735643
4736202
4737044
4739494
4742241
4743657
4745341
4747917
4748142
4748385
4748457
4748866
4755596
4756006
4756372
4756464
4758561
4761656
4762128
4762900
4763675
4764833
4765723
4765751
4765909
4769193
4771844
4772800
4772937
4773191
4773644
4773916
4776394
4776761
4777769
4778744
4778874
4780339
4780474
4780533
4780766
4781606
4782167
4783712
4784439
4785450
4788394
4790950
4792831
4794708
4795927
4796182
4797752
4798562
4799502
4800232
4800309
4800505
4800816
4801247
4801357
4803121
4803520
4803648
4804026
4804455
4806630
4807614
4808574
4811080
4811950
4812623
4812882
4814295
4814899
4817599
4818266
4818459
4819888
4820121
4821035
4821273
4822665
4823856
4827771
4828092
4829163
4830459
4830529
4832351
4832950
4832980
4833069
4834554
4835394
4835642
4835786
4836784
4837062
4837141
4837158
4838611
4841335
4842540
4843272
4844510
4846056
4846760
4846901
4848435
4848726
4848773
4849103
4850080
4851065
4851766
4853455
4853665
4853971
4854630
4854799
4855016
4856459
4856761
4858563
4859091
4860451
4860561
4861643
4862268
4862550
4863160
4864389
4864927
4865158
4865230
4865471
4866628
4867240
4869516
4870985
4872459
4872890
4873086
4874398
4874887
4875037
4875181
4875866
4878122
4878213
4878352
4879202
4881051
4881898
4883292
4883369
4883648
4884569
4885058
4885508
4888297
4889847
4890167
4890978
4891336
4891648
4892778
4893053
4893441
4893830
4893862
4894165
4894569
4894626
4894808
4895083
4895747
4896938
4897347
4897547
4897584
4901057
4901220
4901402
4903133
4903867
4905062
4906386
4909090
4910181
4910689
4911895
4912006
4913864
4914857
4916609
4916958
4919715
4922699
4923254
4925239
4925912
4926146
4927669
4928745
4930942
4931571
4931853
4933887
4933999
4935435
4938698
4939960
4940962
4941691
4942320
4942527
4944066
4944729
4945732
4945806
4946716
4946785
4948096
4948689
4950320
4952519
4956039
4957492
4957973
4958774
4959607
4959695
4960248
4962173
4962416
4962949
4964739
4964810
4965136
4965331
4966607
4967447
4968581
4969496
4971770
4973182
4974226
4974270
4975606
4977402
4978305
4979194
4980705
4980855
4981449
4983259
4985708
4986817
4987487
4988086
4988834
4989551
4992238
4992696
4992913
4993031
4993122
4993553
4997037
4997464
4997913
4998871
4999652
